4	1	391	880	941	954	4694	14721	15587	17840	18351	19092
17	1	338	420	1122	1435	3223	3431	3769	4220	4275	4344	5809	5834	6239	6447	6480	6686	6761	6946	7577	7719	7908	8072	8158	8571	8617	9839	9850	9957	9967	10361	10545	11208	11259	11635	12015	12488	12491	12599	12860	13166	13211	13676	14145	15097	15172	15965	15987	16300	16367	17087	17215	17309	17399	17978	18960	19778	20098	20182	20552	20863
18	1	340	2468	5636	6304	8721	8738	17284
20	1	337	662	1028	2519	3899	4241	7218	7881	11786	13337	15217	17178	17437
21	1	335	670	2584	4644	7792	9007	9459	9766	11451	12205	15520	16974	17210	18413
30	1	308	1224	1777	1804	4107	5775	6909	7512	7842	8376	8469	8911	9033	9575	9585	9598	9678	10541	10762	11046	11291	11874	13003	13950	14154	16834	17027	17265	18099	18910	19149	19193	19651	19724	20548	21110
33	1	312	1992	5143	12387
40	1	4747	5409	5783	8076	8392	9848	10804	13108	16814	17594
54	1	106	1714	5021	8263	14799	15628	18051	18955	19171	19489	19625	20661	21001
74	1	6300	9876	11156	17012	18205
79	1	101	996	2207	5220	10118
81	1	93	2865	3150	3566	3742	5479	5769	6046	7681	8468	9975	10932	12029	12975	14872	15724	16208	17104	19634	19682	20127
85	1	100	1087	1599	2304	2630	3341	3610	5300	5320	5348	5618	5909	6061	7345	7509	7884	8019	8182	8725	9923	10081	10911	11050	11776	11959	12078	12304	13176	13694	13744	14141	14488	14813	14816	14937	15042	15109	16500	16519	16784	17014	17240	17325	17623	18126	18321	19394	19760	20785
96	1	699	2163	4885	5269	5439	8745	9024	10114	16466	16477
99	1	698	9990	11512	12639	13497	13572	18252	18436
101	1	692	2705	5821	7827	12092	12940	13360	13877	14810	17764	19113
104	1	693	760	1792	2300	2926	3093	3322	3688	4135	5025	5794	5918	5983	6553	6697	6862	7205	7317	8279	8465	8924	9131	9709	9791	10040	10596	10866	11047	11429	11431	12682	12807	12963	13804	14443	16735	17483	18147	18552	18760	19330	19512	20711
119	1	1807	2258	2752	5724	6434	7003	7304	10760	11731	11749	11936	12198	13147	14068	15371	16120	16288	17486	18590	18838	19729	19917	19925	20007	20238
123	1	1819	10435	13912	16106	20594
131	1	2040	4655	6070	8654	16045
133	1	1233	7148	9447	12154	12412	19151
149	1	790	3106	3272	4419	5170	16104	19733	19804	20610
154	1	481	1232	3831	5688	6550	7102	7188	8367	8661	9849	10060	10595	10692	13528	16141	19757	20059	20543	20939	21090
157	1	478	551	715	1214	2157	2404	2417	3003	3019	4793	5355	6617	7696	7909	8078	8266	8374	10823	11030	11557	12071	12287	14783	16773	16980	17783	17952	19273	19562	19921
158	1	477	885	1059	1369	1789	6322	9843	13828	15468	16977	18387	18706	19765
175	1	435	1470	1731	3691	13901	16029	18019
180	1	466	877	1230	2694	4001	4173	4930	5289	7085	7778	9328	9378	9658	9686	11025	11040	11692	12046	12581	13512	13785	13945	14290	14996	15030	16314	16508	16959	19062	19469	19835	20223	20373	20822	20907	20959
185	1	469	595	1074	1797	5334	5463	6595	6978	8360	8370	8616	9207	10028	10268	11956	12234	17051	18264	19569	19570
203	1	269	866	3372	4249	4284	5136	5805	7380	8914	9546	10343	12050	14736	15865	16373	17771	18911	18967	19637
209	1	4798	6690	13318	13600	20811
219	1	5413	6263	10087	10484	16940	18900
222	1	192	801	6929	8260	9020	9574	10328	11825	15605	16556	17028	17201	19020	20128	20792
226	1	184	461	1693	1774	3060	6818	7630	7772	8538	11958	12293	14237	14895	16923	17213	18219	18343	18871	19352	19951	20618
227	1	2573	5547	9417	13427	14624
241	1	845	7631	8326	9704	12027	12653	17217
242	1	6316	8474	11795	13043
273	1	904	1035	2424	2961	3773	4309	4337	4732	4958	5621	5640	8106	8809	9248	9318	9615	10038	10764	11759	12431	12507	13716	15287	17081	17102	20079
279	1	912	1626	2149	3515	5003	5166	6295	8184	10763	12685
280	1	913	4538	10851	14395	19126	19691
289	1	689	1720	1974	2522	3615	4217	4598	5305	5514	6518	7264	10928	12442	12635	12905	12928	15769	16009	16943	18834	19954
297	1	494	622	844	881	1265	1504	2112	2137	2223	3458	3475	3626	4017	4049	4384	4597	4610	4934	5044	5251	5445	6886	7192	7616	7747	7825	8172	8840	8909	8937	9099	9998	10109	10521	10559	11029	11292	11400	11763	12403	12459	12499	12592	12603	12752	13185	13636	14322	14520	14647	14812	15034	15144	15269	15401	15614	16096	16098	16419	16869	17168	17774	17796	17824	18231	18240	19194	19769	20045	20329	20475
314	1	418	7666	8354	10158	14107	17755
315	1	419	3005	6979	10824	10831	16151
337	1	4509	5020	5033	6915	8378	11437	11462	13263	15022	15284	15944	17355	17929	18980	20144
343	1	5324	5891	15184	18402
357	1	176	403	1344	1558	2590	2994	3539	5246	5876	6047	6591	8062	8494	9285	9411	10133	11008	11633	12944	13416	13863	14384	14780	15813	16431	16455	16947	17250	19227	19494
386	1	2837	7543	12866	13486	16845	19920	20659
394	1	1109	5118	15748	16170
397	1	9176	11783	12594	17071	17693
402	1	3287	6952	12508	13644	17276	18284	18423
420	1	61	1316	1964	2613	4014	6189	7066	7738	8295	8998	10256	11732	13535	13654	14353	14404	14673	14844	15507	15550	15580	16060	16793	17085	17301	17502	18232	18359	19795	20073
433	1	2720	7139	9109	13875	17037	20702
437	1	509	1871	3109	3889	4608	5385	6241	6364	6384	6458	7194	7385	10242	12064	12565	13949	14580	14691	14985	16791	18450	20276
438	1	508	1165	1418	1762	5230	5415	5559	7104	7979	7994	8841	9182	10005	10171	10419	11872	12522	13382	13909	15803	16043	16116	16718	17672	17717	17988	18634	19508	19722	19834	19929	20212	20616	20640	20933
460	1	242	3348	3607	3704	3820	3832	4555	5407	5509	5698	6660	7133	8101	8643	8783	9123	9195	10284	11482	12186	12545	12614	13112	13955	16016	16425	16955	17639	18084	18446	19732	19744
461	1	241	1089	2337	2550	4485	5196	8666	11269	12382	15017	15410	16299	20139	20269
478	1	172	1948	3868	6471	11037	13029	13589	14213	18313	18525	19282	19486	19923
496	1	3379	3448	9597	11397	11663	16184	16387	17155
523	1	2566	3461	4575	5674	6169	6362	6441	8827	9924	10768	12693	14172	15245	18562	18696	19586	20158
531	1	2316	3866	5840	6490	8461	14926	15171	17124	20758
537	1	1691	6097	6111	7325	7382	8982	9423	12275	15303	16983	18079	20954
547	1	640	1706	3667	5026	5587	5767	7841	7998	9105	10986	13002	14514	15453	17186	19499	19663
552	1	1475	2231	3698	9989	10188	10614	10811	12776	16329	17467	18540	19849
555	1	1945	2088	12455	13025	14270	15281	17062
560	1	14831	15372	16118	19641
564	1	515	946	1996	4415	7013	8590	11199	12230	19008
565	1	512	841	2772	2964	6759	7963	8554	9054	10206	11802	12084	12764	13480	14627	15870	17907	18522	20082	20779	21006
566	1	513	2695	4245	4331	9441	9875	10570	11993	14339	17122	18254	19659	20287	20368
580	1	267	874	1962	2028	2670	2900	4994	5531	5925	6484	8213	8282	11001	12284	12593	14431	15794	17123	20791
594	1	157	2809	5504	6376	11661	12561	13126	16227	17092
618	1	3483	3861	4120	7471	10322	14699	19953
625	1	4366	6416	7591	12839	13006	15675	20952
633	1	3821	10140	10191	15976	19827
645	1	1146	1981	2399	4758	6653	6971	7732	8587	10574	13030	13374	15107	15404	17091	17610	17666	19764
672	1	1705	5515	7698	10374	15158	15773	15816	18641	20862
688	1	1463	2341	2797	3697	3725	4042	6883	7217	8222	9198	12536	14331	14734	17780	17910
709	1	11	594	634	2017	3324	3674	3737	4290	5151	5505	5799	6853	6884	7040	8018	10078	10187	10728	11353	11535	13305	15208	15225	17089	17390	17926	18028	18072	20028	20205	20721
725	1	8960	11061	11869
727	1	219	4032	6512	7151	8241	15088
730	1	225	464	807	1888	2022	2239	3450	3702	3722	4065	4637	6080	6510	6530	6782	7089	7461	8033	8808	9386	9620	9942	10494	10612	10755	11082	11390	11883	12329	12392	13377	13405	14189	15335	15458	15695	16218	16550	17260	17387	17816	18629	19016	19417	21044	21087
743	1	4638	4888	5095	6500	9337	12896	13381	15598	15844	17550	18863	19590	20303
752	1	9981	14228	17506	18056
762	1	5697	7153	10704	20479
774	1	1299	1912	2778	2781	5245	6633	8801	8825	9073	9203	9610	10316	11084	11510	11514	11522	12152	13261	14646	14908	15897	16065	16439	16730	17477	17723	18539	18582	18694	19015	19123	19706	19837	20566
805	1	1062	1400	1672	1756	2035	3246	5649	7955	8293	8704	9608	9675	9769	11171	11999	13592	13997	15480	16972	17692	21032
810	1	1078	2586	11527	17435	19528
820	1	71	554	1830	2856	3500	5063	6174	6589	7892	17569	18366
843	1	609	4656	9772	11059	18020	20819
845	1	808	1383	1911	2167	4689	5130	5882	6731	7298	7506	7628	7687	8224	8979	9171	9408	9810	9963	10037	10436	11808	12034	12295	12311	12698	13288	13515	13624	13830	13927	14048	14298	14641	15686	15880	15998	16403	16564	17191	17406	18559	18566	19683	19830	19996	20129	20193	20936
848	1	814	5296	15170	15362	15927	17363	17505
874	1	237	352	1251	1645	2264	2498	3050	3183	3225	3436	4212	4507	5716	6826	6830	7029	8277	8345	8433	8765	9599	9650	9837	11117	11232	11548	12473	12835	13395	14400	14454	15249	15910	15922	16001	16166	16659	16756	17096	17200	17366	17558	18478	19290	19771	20932
875	1	234	1193	2421	2461	2504	2625	2811	2886	2922	3090	3641	4534	4631	5526	5859	6055	6752	8197	8363	8541	8633	8730	9006	10221	10302	10921	10926	11103	11553	11916	12345	12919	13302	13610	14437	14969	15120	15292	15344	15448	16346	16922	17491	17571	18080	19496	19620	19642	19972	20857
885	1	4	646	826	1923	3990	4306	4398	4646	5695	7642	7968	9513	9937	10645	11010	11036	11295	11711	13345	13593	13944	14310	15096	15302	15849	16781	17278	17311	18691	19027	19768	19942	20859
917	1	4434	4742	9462	12971	17365	19040
919	1	1290	2057	2949	3416	4233	5919	7546	11430	15700	16113	16457	19013	19853
925	1	1286	6312	8206	8270	11374	11892	12782
928	1	5996	11340	11832	16203	16787	18163	18677
934	1	8876	9693	17438
949	1	3194	4923	5819	6590	7755	8294	8706	11058	11273	11981	13811	15758	15845	18291	18997
950	1	853	4413	6003	6358	6931	7186	9334	9648	10461	12209	12547	13586	13879	16448	16848	18006	18507	19215
954	1	1010	1499	2712	3898	6397	6422	6479	6913	10952	13008	14719	15350	18289	19593	20076	20189	20403
956	1	1004	5099	5643	5648	5985	6985	7201	7849	8194	10189	12676	16040	19687	20828
958	1	1011	2211	2529	8952	20736
959	1	2807	11052	13204
976	1	771	2526	3250	4490	8236	10047	11339	11724	14157	16478	17581
986	1	8075	11164	11168	14015	16627	20510
995	1	557	1034	5584	5838	6443	6888	9027	9052	12929	14415	14626	14670	16039	18654	20446
1000	1	2240	2309	5735	5737	5974	8969	11130	11942	14923	15685	15856	18067
1019	1	208	2129	3061	3726	4543	8154	11330	13675	15802	16463	16886	19932	20187
1020	1	207	3079	4350	5608	6198	6788	12645	15463	15792
1021	1	209	1315	1425	1802	17700	18909
1042	1	1273	2252	4833	9827	10122	11940	12763	14507	16263	17305	20112
1068	1	6	1096	1210	2726	3749	4402	4677	4822	5214	5455	7688	8925	9213	9407	9415	9870	10079	10245	11908	12449	14098	15003	15178	16404	16515	16680	18406	18565	18952	19324
1096	1	785	2219	3919	6205	8151	9762	9934	17485
1120	1	2095	5247	6341	8470	12039	13245	14374	17323
1127	1	590	5362	7278	12204	15330	15659	16318	18183	18912	20019
1149	1	4835	4907	7964	8218	9587	10008	10973	15883	16630	18584	18969	19241	20827
1170	1	1396	4729	5850	8681	11379	13433	14045	14350	17889
1171	1	1393	14553	18835	18929	19358	20384
1173	1	1412	5778	5913	6201	9532	12501	15359	18441
1178	1	203	1021	2328	2391	2413	2433	2509	4023	4153	4956	5545	6822	7431	8787	10664	11081	11413	12017	12899	13173	14546	15275	16285	16368	16919	17083	19660	20606	20625
1201	1	1198	1403	2091	2201	2572	2750	3033	4533	5293	7493	8093	8160	8447	8785	9732	9944	10029	10368	10774	10916	10974	11087	11391	11568	12192	13328	13478	14257	14340	15221	15470	16883	17378	17503	18057	18674	18870	19159	19454	19537	19628	20162	20396	20553	20600	20820
1223	1	1041	1868	1934	9366	10208	12289	12355	15162	17914	18593	18783	18823	19539	19568
1224	1	1040	1325	1733	1821	3727	4540	4861	7801	7901	8063	8702	8773	12100	12278	14127	15061	17973	19462
1234	1	73	1617	2876	4539	7965	8936	11740	13953	14696
1237	1	82	489	737	739	897	1005	1803	1955	2170	2409	2423	2579	3041	3190	3513	3678	4175	4499	4569	4918	4927	4936	5568	5791	6138	6163	6706	7070	7439	7644	8402	8638	8701	8711	8767	9064	9429	10074	10398	10473	10813	11197	11222	11683	12031	12555	12633	14099	14766	14840	14848	15263	15585	15661	15786	15819	15957	16162	16231	16907	17036	17279	17455	18730	18921	19617	19702	20015	20233	20299	20319	20325	20371	20860	21034	21076
1246	1	3047	5244	6452	7162	8820	10233	10925	11321	19961	20694
1266	1	2484	3008	5400	7482	8596	12765	14633	18784	20185	20775
1267	1	2479	3134	4710	5582	10341	14226	14785
1274	1	2111	3197	3389	3741	4377	4768	5024	5267	8754	8834	9516	10842	12216	13683	14856	14907	16859	18621	19301	20251
1281	1	9743	10984	12819	15609	16514	18879
1283	1	358	830	2545	3192	4400	6873	10224	10697	11054	13005	13150	13555	15438	16524	18536
1309	1	2619	7587	7742	8088	11555	11587	11714	12854	13491	14919	20637
1339	1	1953	5837	6771	8047	14592	20465	20980
1343	1	1957	10431	18260	18631	19577
1351	1	1252	1675	3092	7245	7360	8918	11834	14259	17694
1367	1	1030	1313	2688	3675	5745	13769	14485	16631	19838	20388
1377	1	1595	2083	2877	9257	17117
1380	1	1585	13117	17984
1385	1	3029	3995	5390	8612	10836	11552	17957
1396	1	875	2518	3895	11624	13922
1401	1	2369	2727	5326	5975	8167	10572	11125	13140	14540	15050	20115
1403	1	2364	3910	3980	5606	7007	8389	9883	10979	11713	13293	13461	13974	14262	14396	16238	17353	18651	20293	20771	21064
1409	1	2143	2273	3986	5123	6841	7191	9217	9242	9681	9734	9854	10395	13149	14994	15018	16894	17614
1427	1	343	384	5528	8176	9144	9146	9379	10312	10357	13568	13705	15216
1430	1	346	675	1466	2038	2044	2432	2799	5721	6392	6568	6670	6687	8457	9353	10525	11375	12197	12220	12495	12694	12721	12747	13170	14062	14378	14600	14735	15502	15595	17126	18798	19829	20170
1459	1	4304	4565	5126	5719	6078	6256	6657	10212	10406	13251	14049	14324	16402	16613	17245	18047
1474	1	9661	11549	12446	15133	15592	15747	16390
1494	1	936	3178	6972	8317	8410	11294	16244	18179
1495	1	935	2977	8319	8849	11788	18571
1499	1	930	4293	4932	5888	6386	10508	11903	11988	12348	12641	13652	13798	16119	16312	17113	17634	18141	18931	20851
1508	1	1574	7313	11337	16820	17019	19396	19525
1512	1	3012	5890	12897
1520	1	755	3299	6269	8349	9081	11745	11867	12307	12553	17881
1541	1	537	3600	4374	5017	6045	6865	8993	9192	9705	10207	12077	12497	12710	13362	15338	15827	16829	16946	17146	18038	18430	19782	20120	20582	20651	20800	20858
1557	1	819	1416	2059	5425	6218	7229	7641	7643	7985	8761	10358	11659	12044	12879	12915	13227	13538	13707	16618	19613	19705	20317	20892
1560	1	823	1166	1587	5677	8436	9432	12658	14550
1566	1	389	1609	2175	2359	3570	11298	18142	19220	19332
1570	1	383	1594	2609	3763	4367	5662	5930	7318	7494	7818	8830	13311	14470	14642	15691	16303	16409	18617	19649	20300	20312
1590	1	5028	6323	8406	12012	13620	15694	16020	16723	16838	17371	17749	19654	20998
1592	1	5056	6064	9436	9450	9664	9744	10011	11196	11775	14958	17524	17578
1625	1	3954	3972	5139	9855	13739	17314	20635
1637	1	921	7144	7529	7866	14606	19017
1643	1	85	1123	2939	4453	6020	7025	9392	9518	9569	10752	13137	14493	16091	16181	17872	18173	19058	20493	20603	20666	20733
1649	1	87	1461	2102	3792	5571	6514	7566	7943	8831	9914	11042	11428	13958	20274
1658	1	736	1549	6698	7269	10553	12072	16452	16782	19505
1665	1	3870	6638	8598	10962	11448	12549	14124
1668	1	3872	8707	16481	17068
1675	1	2291	2741	7761	9370	11421	15112	16672	18104	18887	20821
1676	1	2204	3643	6803	11496	15594	15952	16698	17954	19783
1681	1	2190	2208	4114	4411	5685	5776	7835	8880	9255	9531	10583	11152	12691	16451	18273	20867
1684	1	840	1441	3829	4231	11442	15717	17405	18259
1690	1	2581	2979	5342	10166	10585	14764	15457	16937	16956	16984	19956	21082
1711	1	2187	4437	6079	8393
1722	1	2813	3950	8652	9973	10758	15588	21101
1726	1	4662	6334	6715	7932	8102	9376	9896	10589	15197	15501	15663	15871	16174	16729	16979	17689	19338	19497	19578	20835	20955
1730	1	1431	4091	5706	7198	11589
1742	1	136	1045	1385	1759	2333	2560	2722	3036	3573	3584	4116	4150	4820	5117	5620	6276	6467	6700	7501	7517	7679	8712	8896	9075	10410	10904	11352	11799	11995	12443	14246	14250	14555	14710	14865	15495	15584	16185	16188	16430	16591	17801	18108	18817	19371	19422	19622	19688	19887	19969	20096	20216
1757	1	3236	14242	14581	15760
1785	1	971	1008	7047	7145	7597	13164	16420	20421
1789	1	981	1178	2568	2649	5069	8086	8443	8670	9403	10131	10995	11440	11467	12989	13215	14683	15348	15567	16233	20657
1808	1	3202	4503	10481	11325	15736	18964
1827	1	322	519	1111	1256	2142	3403	3925	4261	5541	5855	6224	6350	6851	7425	7663	10030	10540	10597	10769	10827	13848	15033	15765	16878	18491	19337	20110
1828	1	319	2160	2425	3602	4229	4709	5058	5945	6048	6076	9842	10289	12595	17529	18813	19441	20394	20905
1833	1	299	847	1697	2729	4589	6031	7118	7288	7414	7618	8779	8946	8967	10695	11314	11660	11806	12918	13719	14902	15241	15356	16621	17835	19172
1843	1	2735	4063	4836	6489	7413	8209	8736	9291	11461	11636	12010	12985	13189	13307	13490
1846	1	4692	5260	7434	7515	8002	8117	9898	10198	13283	13368	13714	14612	15235	15818	17990	19309	20360	20724
1851	1	5486	6237	6411	9554	10797	11449	12428	13122	13671	13831	13835	16220	16351	19877
1861	1	120	244	261	1433	3684	3761	4645	5233	6075	7135	8168	8466	8642	12129	13107	14264	15049	15073	15395	15489	16073	16567	17925	18022	18054	18114	18286	18688	18744	19978	20131
1864	1	115	426	1120	2878	2980	4715	6624	6733	7181	8546	11317	12824	12846	14551	17177	17254	17658	18323	20204
1876	1	4113	4474	5625	7027	8460	8574	9243	9982	10443	11888	12569	17474
1888	1	7335	8126	11991	20462
1897	1	2921	5490	17737	18245
1911	1	710	855	1077	4073	8064	8312	9847	10708	10792	10965	11356	11616	12067	12468	13153	14117	14200	15551	16795	17423	18081	18551	19005	20565
1914	1	1842	7297	8535	8836	9301	10561	12979	14980	15131	19767	19916
1916	1	1829	2817	3640	4199	4280	7006	10068	11926	12913	13661	13826	15829	16021	16614	16832	18467	18816	20928
1925	1	950	1033	6278	8847	11541	13827	16510	20196
1933	1	1788	2552	5208	9816	14497	18600	20464
1956	1	3137	9208	9326	11581	14910	17584	18065	20220	20571
1959	1	3149	4976	14240	14293	15542	17080	18746
1963	1	2257	3014	5704	7789	9323
