3	1	460	3224	10485	14742	18547
12	1	5453	8304	18001	19945
47	1	128	3801	18836	20763
51	1	4487	8171	16594
62	1	6903	13725	16364
81	1	795	2104	7160	9512	10919	11596	17817
100	1	3647	4389	15881
163	1	5428	8201	9332	9866	11013	11281	11705	12123	20427
167	1	11946	14531	14822
170	1	318	2569	9435	14716	15123	17025
175	1	5327	9958	14426
185	1	222	632	927	1088	1541	1553	1704	1839	2166	2483	2664	2805	3122	3275	3310	3590	3896	4730	5075	6086	6365	6860	8743	8766	8852	8954	9041	10151	10715	10790	10876	11643	13093	13932	14072	15232	15310	15905	16194	16347	16891	17225	17420	17568	18704	18727	18805	18819	20500	20744
208	1	3270	5239	5482	9065	11066	13604	20641
210	1	3265	3817	4634	7378	7774	10476	13190	18411	18889	19914
246	1	569	1905	2434	4225	8358	8917	13796	16927	17149	21033
261	1	5969	7580	11753	16286	19472	20643
312	1	7136	7463	8976	13068	13989	14167	18444	19904
313	1	7161	10408	11854	12374	12579	15549	20714
315	1	1007	2866	6068	6142	8408	15730	18030
321	1	7375	13617	17138
351	1	3075	3088	9858	11434	18684
354	1	59	870	4477	4520	6610	7274	7729	8559	9179	10757	12884	13506	18139	18358	20240	20490
360	1	56	1664	1903	3124	3804	5309	6758	8163	9023	12444	20764
393	1	181	15751	15799
410	1	3814	9607	10445
432	1	7635	8479	10568	11018	16555	17991	20670	21053
466	1	1727	7341	8729	12783	13135	14392	14511	15386	15842	16256	16384
507	1	178	1631	1800	3071	4180	4310	11039	12016	12528	12806	14453	15244	18468	19918	20130
508	1	10175	14308	17428
523	1	3877	10073	15299	18826
557	1	8688	12188	18831	18858
572	1	2346	13379	20861
584	1	1694	5164	6503	7959	13274	16297
588	1	1683	8169	12343
589	1	1677	6784	9667	10427	18287
625	1	262	6158	7140	10981	11256	15575	16167
698	1	78	3750	5897	6196
701	1	3179	11121	17095
709	1	707	766	2394	6173	7096	12880	15029	18568
712	1	706	12609	16391
780	1	6604	7146	9466	10902	16313	18966
793	1	1355	3129	4834	7861	19079	19353	20345
797	1	3597	3778	5264	8248	9001	11580	12716	13155	14287	20849
814	1	3231	4209	13272	18652
826	1	865	10155	11644	18266
842	1	1961	3601	4492	8698	16842	18384	20770
843	1	647	4178	4759	10141	10232	12487	13759	15074	16650
844	1	2794	3648	4274	6861	16536	19413
873	1	11620	17344	17576	17604	20353	20560
890	1	1490	4667	10736	16213	20471
964	1	26	4725	12469	13969	16224	20826
975	1	5357	15062	18247
1035	1	1434	5093	7332	8054	8365	10186	13083	16260
1037	1	1444	3069	7143	8068	9733	13948	17436
1040	1	1213	2534	15357	16321
1069	1	990	2709	2935	6343	8520	8986	10657
1078	1	14861	15544	16442	19085
1110	1	7206	9987	11145	11299	13787
1140	1	1601	4307	6423	7856	16310	19342	19345
1155	1	1421	3169	3200	3863	9359	9796	10255	12073	14121	15545
1180	1	4265	12315	16479
1190	1	1196	2511	3286	4425	4755	5282	6989	10504	14543	16739	16757	17257	17716	17895
1196	1	1860	3735	5036	15635
1197	1	1861	5199	7733	11638	15556	20505	20526
1201	1	3427	3938	9595	10489	12637	13423	14032	14788	15332	15434	15948	16418	16902	17541	18334	18755	20033
1216	1	3023	4521	4616	8405	8955	15315	16017	17448
1267	1	2771	4221	6155	10438	13594	15127	18636	21040
1269	1	1588	13979	16535
1328	1	854	4052	15264	18656
1331	1	856	14499	15978	20987
1340	1	2667	9755	9905	12828	18611	18975
1390	1	4039	4625	4953	6557	9499	9555	17850
1408	1	10782	13692	16482
1418	1	1079	7850	8626	10502	17647
1438	1	834	4267	11934	20703
1479	1	12789	15513	16994	20539
1510	1	5207	6999	18513	18908	18934	20121	20672	21107
1592	1	468	2556	2617	8077	8190	8697	12489
1610	1	1958	2288	2990	3091	4517	10549	15246	18090	19872	20762
1635	1	6063	10875	11263	13291	16156	16862
1638	1	1640	1722	2700	3588	3632	5624	10727	13303	13413	18710
1639	1	1644	2779	3867	5403	5459	6372	8107	9701	9747	10146	10385	10826	12053	12580	15001	16667	17317	18509	20512
1640	1	1646	7084	9327	11498
1646	1	134	893	4607	4830	5567	9256	9427	12087	12754	13616	15841	16854
1673	1	809	815	1137	3971	7510	9606	11439	15681	15839	18762	19907	20165
1674	1	810	9932	12419	19559	19950
1680	1	2126	11813	15431	17924	20275
1698	1	1136	2513	3880	7858	12397	17391	20868
1700	1	2058	14611	16483	16988
1718	1	2401	7645	7780	9652	17869
1722	1	3540	8580	10167	15247	16326
1731	1	2561	8010	16501	17022	18646
