1	1	11848	16259	19116
2	1	458	5062	8560	14664
3	1	460	3224	10485	14742	18547
4	1	462	2154	4101	12466
5	1	463	1805	1978	3136	5434	5458	6837	7324	7469	7492	8114	10477	10644	11253	11689	11876	12678	15314	16397	19946	20720
6	1	452	7996	12850
7	1	453	13545	18791
8	1	7891	9477	14385
9	1	465	876	7273
10	1	8259	9239	12967	19129
11	1	7897	10627	10747	14587	18925
12	1	5453	8304	18001	19945
13	1	5448	8932	12964	13627	17906
14	1	5443	5798	12952	13789
15	1	387	3398	8092
16	1	390	1345	1530	1778	2637	3354	3864	4148	4269	4291	4435	4593	4817	4859	5096	5236	5483	6193	6644	6940	7359	7438	7871	7894	7972	8177	8419	9066	10649	10699	11049	11085	11968	12332	12426	15161	15817	16421	16651	16898	16964	17490	17507	17602	17653	17903	18615	19044	19132	19359	19629	20134
17	1	385	533	626	957	3422	5210	6001	9414	15233	15450	16069	19566	20700
18	1	380	6394	9394	12312	12955	14794	17013	18182	18277
19	1	381	8399	11432
20	1	378	5581	7730	8074	10336	14530	14684
21	1	379	459	563	741	761	1192	1780	2100	2342	2618	4553	5467	5485	5500	5532	6206	6659	7208	7859	8333	8334	9260	9582	9950	10025	10240	10441	11104	11851	12735	13244	13269	13757	14014	14069	14961	15809	15946	17722	17866	18715	19009	20636	20856	20974
22	1	376	431	709	1536	2447	3212	3476	3811	4089	4300	5114	5192	5800	7178	7612	8287	9205	9274	10537	11417	12254	13231	13235	13812	14040	14058	14271	14295	15113	15689	16301	17304	17504	17874	17951	18422	19143	19294	19643	19963	20051
23	1	377	1340	1878	2862	2972	3388	4530	10013	10452	10618	14321	19141	19383	20219	20996
24	1	12135	16474	19148
25	1	12132	13120	20125
26	1	4886	5240	16506	17108	18484
27	1	355	3230	5784	10555	10884	12097	12371	16447	21002
28	1	357	3072	5105	6085	6430	8055	8742	11280	12251	14402	14583	16779	17961	19057	19137	20285
29	1	359	10580	11305
30	1	360	1838	16268
31	1	362	7721	8452	9526	9969	11994	19567
32	1	363	4580	8678	8764	10857	17751
33	1	364	1324	3751	6151	7116	10345	11225	16046	16835	18319
34	1	16130	19134	20804
35	1	3733	13900	13911
36	1	5287	13981	14703	17945	21100
37	1	5284	14593	19977
38	1	3734	3999	5219	6324	6501	19731
39	1	5970	10178	12162	15334
40	1	5963	7852	8446	10573	11730	20340	21067
41	1	5031	6159	13819	16856	19076	20049
42	1	129	1395	3351
43	1	130	2062	5978	6284
44	1	122	163	661	2007	3356	8815	15239	18456	19388	19488	19880
45	1	123	5154	5736	10839	11264	18410	20357
46	1	119	1943	10625	13814
47	1	128	3801	18836	20763
48	1	124	1065	2913	3258	3664	3890	4777	5537	6347	6548	6586	6754	8873	10083	14942	16132	16910	17645	17701
49	1	125	1390	2897	3578	7353	7777	9622	10416	12976	14718	17522	19351
50	1	4494	5331	5910	10691	12668	14990	16721	18735	18832	19185
51	1	4487	8171	16594
52	1	4510	12749	16412
53	1	11212	11245	17227
54	1	7548	9814	19535
55	1	1680	14110	17849
56	1	10788	12753	17828	20843
57	1	2192	2790	7574	14066	18391	18623	18787
58	1	2591	3027	4700	5038	5071	9009	9290	10845
59	1	6916	15256	18589
60	1	6917	8747	9275	11101	14474	20215	20749
61	1	6894	8000	8893
62	1	6903	13725	16364
63	1	6908	11306	19164	20972
64	1	10402	11067	13421	18764	21099
65	1	13502	16518	20186
66	1	118	392	1392	2439	3937	4362	4586	4848	4965	5788	6162	6509	7579	7931	8250	8254	8543	8595	9016	9442	9638	9639	9833	9962	10099	10347	10654	10771	10849	10989	11392	11436	11696	12675	12878	12950	13182	13350	13625	14662	15006	15095	15126	15482	15511	15902	15962	15969	16094	16172	16379	16715	16999	17352	17646	17804	18102	18184	19063	19526	19560	19719	20899	20963
67	1	116	744	1116	3010	3736	3841	7865	14700	15985
68	1	107	137	2440	3720	3764	6344	10036	10288	12298	13959	16053	18094	18320	18928
69	1	105	14232	19169
70	1	109	524	1404	2217	2344	2395	2485	2784	3711	4588	4782	6508	6895	8544	9076	10065	10214	13078	13409	15673	16270	17641	17721	17798	17885	18062	18757
71	1	111	4136	19236	20973
72	1	114	7338	11228	15515
73	1	113	1786	7067
74	1	3297	6115	9189	17402	18637
75	1	3284	4227	10351	11318	20513
76	1	3283	4550	14738	15341	19248
77	1	3303	4666	17669
78	1	3302	6992	7536	11492	12346	17277
79	1	4368	15744	16790	17525
80	1	3308	9644	13342
81	1	795	2104	7160	9512	10919	11596	17817
82	1	794	6563	7292
83	1	7680	11777	14744
84	1	789	2120	2274	2357	5253	7054	7581	8179	10184	10365	13892	17977	18678
85	1	787	4721	5436	8327	19291
86	1	783	3417	10334	10531	13344	13442	14713	17662	18973	19277
87	1	786	1446	1478	1519	1782	2080	2296	2525	2628	5301	5395	7363	7874	9756	9799	11666	14020	14243	14751	15100	16274	17034	17886	18087	18603	20488	20960
88	1	7183	17720	18938	20349	20638
89	1	2161	6658	14337	21004
90	1	2133	3160	3271	10635
91	1	2128	4901	6725	8751	14502	17246	18042	18500	18972
92	1	2148	4894	8956	12168	15626	16853	17394	20391
93	1	2156	2740	12178
94	1	3676	11645	16189	17702
95	1	3663	6671	7552	12364	17808	19023
96	1	3660	5904	8390	17554
97	1	3658	4500	10156	10217	12540	13781
98	1	3655	12638	17841
99	1	3649	11138	11818	18506	19026
100	1	3647	4389	15881
101	1	2093	4431	4604	7056	10020	16638	17134	20574
102	1	2090	8687	11598
103	1	2086	5111	15020	20931
104	1	2082	10235	13148	13743	18789	19905
105	1	2099	3210	4170	5511	6203	6680	7707	8668	11420	11978	11990	12568	13039	13096	13448	15360	15896	17773	17949	18177	18555	18658	20478
106	1	721	4035	5218	7521	12887
107	1	10400	10840	12703
108	1	723	725	1068	1085	3259	4981	5268	5603	6153	6387	7673	7717	9488	10464	14875	19176	21041
109	1	2376	6296	6575	7114	10165	13407	13810	13965	14932	18253	19631
110	1	2378	4815	16915
111	1	2370	10210	15367
112	1	1685	5631	10712	10953	13841	18049
113	1	1427	12456	14168	14498	16578	19191
114	1	2380	16355	16938
115	1	724	970	1142	1288	2237	2636	3484	3955	4851	5161	5265	5641	6215	6816	6836	7138	7497	7651	7714	7805	7855	7937	8938	9878	10598	11169	11707	11927	11980	12122	12439	13097	13458	14104	14280	14792	14881	15392	15749	17282	17652	17833	18550	18843	18977	19239	19856	20509	20626	20639	20647
116	1	3167	11119	12410
117	1	1036	10707	13853	16599	18713
118	1	10350	16745	20159
119	1	1020	6517	9464	9781	15490
120	1	1018	1542	7983	12772	17725
121	1	1025	2200	2500	3349	7768	10855
122	1	1023	7786	10652	13577	14898	15771	17142	18357	19412	19785
123	1	1013	1808	3394	3984	5307	5519	9293	9545	9985	13396	19081
124	1	1016	1081	1199	1698	2152	3992	4359	4525	4551	4802	5487	7355	9490	10751	10810	11537	12013	13197	15124	15186	15211	16129	17354	17878	18394	18447	18679	18824	20151	20630	20664	20685	20845
125	1	2244	5556	10352	20797
126	1	10372	13205	20883
127	1	2236	6866	8577	9381	14347	14971
128	1	7174	9298	19175
129	1	7171	13525	14418	14506	16262	18918
130	1	560	3131	5159	8875	17555
131	1	559	3442	4012	4283	5363	8941	12463	14758	16317	17061	20755
132	1	558	599	650	1858	2284	2490	2537	2758	2891	2984	3533	4210	4448	4852	5018	6578	6743	6868	7646	7829	8442	8486	8789	9439	9753	9936	10821	11651	12859	13023	13192	13332	13467	13477	13626	13898	14018	14623	15729	15837	16291	16509	16896	16918	16987	17005	17195	17830	18031	18640	19254	19894	20231	20454	20812	21081
133	1	555	6252	8132	10910	11408
134	1	553	688	2159	2455	7127	9197	9541	12523
135	1	552	3582	5340	7263	19451
136	1	550	2633	2872	3400	3443	4216	4495	4675	5580	11878	13186	14995	15569	17148	18150	18274	18480	18531	18577	18663
137	1	549	4396	12112
138	1	2598	8453	16513	19056
139	1	561	2336	10108	11445	13882	17905	18344
140	1	628	3222	3805	3978	6683	12912
141	1	629	5089	5907	11326	12643	16895	19313
142	1	4891	11945	12728	18986
143	1	12582	17377	20034	20279
144	1	13746	14717	19213
145	1	2521	7202	7388
146	1	520	4578	8011	14482	18553
147	1	514	16554	18788
148	1	11331	14004	17663
149	1	501	9593	10942	16704
150	1	504	3568	4650	5682
151	1	503	633	3170	4235	5560	7236	8727	10833	11877	12591	14149	14671	14913	15899	16248	16700	16817	17192	17655	18885	19104	21048
152	1	505	4866	14375	14617
153	1	511	1440	2661	7474	9068	10725	11675	12229	13127	14638	15671	17631	18435
154	1	540	4733	8516	18453
155	1	544	1032	8529	13583
156	1	548	1202	1507	5705	9970	10276	11089	12180	13523	13741	14421	15872	16140	18228	18233	18873	19851
157	1	547	8962	16296	17846
158	1	1464	2263	2398	6714
159	1	5440	9008	15407
160	1	5437	5893	15613
161	1	5394	15536	16688	21105
162	1	5419	5639	6898	7404	9084	14001
163	1	5428	8201	9332	9866	11013	11281	11705	12123	20427
164	1	5426	6017	8948	14439	16331
165	1	11967	14481	19581	21046
166	1	11957	12339	12792	17203	17777
167	1	11946	14531	14822
168	1	316	1630	1713	3545	5630	6291	7586	10963	15936	19756
169	1	315	1884	2405	11004	11929	15641	20532
170	1	318	2569	9435	14716	15123	17025
171	1	311	12319	15494	16324
172	1	309	1674	5498	7365	7593	9168	13426	19982	20502
173	1	314	1702	2946	3274	3464	3917	5797	6195	7435	10176	10325	10964	11038	17174	17549	17687	18499	19034	19111	19202
174	1	313	685	4308	7422	12601
175	1	5327	9958	14426
176	1	5322	11850	16295	20078
177	1	5292	7952	10578	13876	21062
178	1	5313	10050	10300	14503	15169	17691	19035	19664
179	1	5330	19235	20872
180	1	5074	5103	13401
181	1	6012	10745	13807	14809
182	1	6002	12596	13510
183	1	6009	7886	19812
184	1	224	8839	9510	16398	17786
185	1	222	632	927	1088	1541	1553	1704	1839	2166	2483	2664	2805	3122	3275	3310	3590	3896	4730	5075	6086	6365	6860	8743	8766	8852	8954	9041	10151	10715	10790	10876	11643	13093	13932	14072	15232	15310	15905	16194	16347	16891	17225	17420	17568	18704	18727	18805	18819	20500	20744
186	1	221	1635	4968	8199	8561
187	1	220	1027	2602	6235	7227	11315	13924	15442
188	1	216	6476	7132	14556	16893	18687
189	1	214	902	1157	1736	1772	1875	2587	3402	3558	6053	6632	6936	7268	7373	9252	10159	10868	11562	13242	13320	13928	13993	14248	15596	15953	16649	18723	18864	19312	19398	19671	19699	20781
190	1	212	217	2210	15382	15589	15825	16214
191	1	4527	4867	7069	14197	18425
192	1	2934	7974	20589
193	1	4536	9354	13383
194	1	4537	10592	21102
195	1	4548	5226	7753	8882	11192	17139
196	1	2931	20296	20956
197	1	2948	17654	20202
198	1	2944	7157	18700
199	1	2251	4944	6762	6805	17992	18476
200	1	6960	11674	18371	20730
201	1	978	1024	1046	1448	1737	3288	4807	4816	5602	6349	6620	7301	7633	8298	8879	9841	10701	11137	11655	12969	13560	14263	14755	14850	14966	15465	15806	16712	17313	17767	18588	18719	18815	19128	20026	20284	20723
202	1	6922	8903	10630	12233
203	1	4292	8929	16338
204	1	9421	20097	20870
205	1	3280	3317	4273	6181	6456	11894	17015
206	1	3281	5696	8482	18699
207	1	3279	3517	5321	6066	6177	8324	12486	15289	16733	18306
208	1	3270	5239	5482	9065	11066	13604	20641
209	1	3273	5356	7611
210	1	3265	3817	4634	7378	7774	10476	13190	18411	18889	19914
211	1	3254	11188	13196
212	1	16882	20226	20886
213	1	7699	14887	17020	18148
214	1	7695	7935	10487	12143	12390	14137	15601	18409	18412	18554
215	1	7706	10679	15266
216	1	6355	6672	15026
217	1	7715	10468	11080	17728
218	1	7711	9941	12170	14724	15734	15940	19430	20645
219	1	9978	17064	18238	18518
220	1	9988	10380	12548	17561	18932	20455
221	1	6366	6949	11020
222	1	3694	8699	9844
223	1	3687	6571	8416	15741	20962
224	1	3692	8129	12699
225	1	2006	4103	8509	13447	14709	16084	16138	16569	19544
226	1	2021	4378	5098	7039	7458	9945	10702	12945	16363
227	1	2011	4519	8138	16759
228	1	2012	2443	9899	10951	11198	14964	16626	17811
229	1	2029	6027	7781	10275	18564	19976
230	1	8127	9731	19415
231	1	1039	2124	2183	3413	4808	5533	5713	6449	6906	7882	8297	8912	9759	10637	11247	15167	16035	16728	17011	19805	20043	20308	20597
232	1	1037	1182	1624	2027	2051	2068	2254	2301	2774	3182	3268	4094	4821	5637	5672	5726	6149	7279	7280	8108	8395	8602	8829	9059	9361	9375	9900	10056	10203	10294	10560	11717	12227	12376	12381	12787	12844	12970	13209	14373	15294	16810	16976	17088	17324	18850	18971	19094	19317	19648	20491
233	1	1038	4022	12277
234	1	1055	3939	8022	8990	12108	16912	18610
235	1	1057	4342	11493
236	1	1063	12165	14136
237	1	1067	3525	5928	7082	10775	14273	15019	17270	20644
238	1	772	3362	4388	7026	15139	15206	17042
239	1	773	917	1090	2763	4128	5954	6329	6399	6676	6811	6848	7243	7668	8100	8246	8351	9736	10111	11964	12113	12457	12480	12898	13840	14086	14582	14634	15072	15212	15603	15647	15867	16277	17322	17705	17831	18825	18897	19031	19070	19501	19561	20748	20774	20833	20975
240	1	770	13839	14305
241	1	777	5454	9727	15119	17345
242	1	778	2606	3237	6210	6261	6810	7000	8071	8833	18598	19743
243	1	779	1287	1883	2861	3298	3562	4756	4902	11173	11971	12155	12202	13199	13588	14199	14223	15085	15873	16011	16794	19107	19883	20576
244	1	3738	10852	15649
245	1	3753	8506	15016	16570	17258
246	1	569	1905	2434	4225	8358	8917	13796	16927	17149	21033
247	1	570	9317	10862	17410	19602
248	1	571	614	669	1776	2400	2953	3634	3803	4122	4198	4334	4566	4691	4711	4831	5068	5134	5475	5644	5654	5692	6145	6801	6901	6986	7110	7773	7802	8109	8314	8525	8629	8977	9320	9382	10371	10516	10726	11230	11473	12908	13334	13570	13844	14808	15028	15863	16051	16639	16763	17151	17947	18178	18515	18549	18630	19751	20451
249	1	572	2963	4060	7057	9517	11970	12265	16699	17169	18110	18309	19001
250	1	564	2507	3709
251	1	2616	5576	8972	9015
252	1	2622	3775	4085	6172	6180	9730	11494	13641	20701
253	1	2623	12357	13077
254	1	573	7563	8748	8930	11189	13346	14950	17853
255	1	575	9193	9742	15027
256	1	2608	9780	10363	13338	13822	14204
257	1	2610	4211	6091
258	1	12441	16067	17487	20104
259	1	12512	14944	15506	18439	19340
260	1	11154	12436	16232	20361
261	1	5969	7580	11753	16286	19472	20643
262	1	5940	12833	18628
263	1	14352	18545	19693
264	1	498	5756	9691	10656	13169	15651	16335	16408	18008	20070	21059
265	1	496	6112	6370	16135	18614
266	1	497	7093	10049	13181	13316
267	1	495	1565	3205	6041	7289	10022	14538	14803	15190	15562	18919	19189	20716
268	1	491	1812	2620	2893	3544	5108	10373
269	1	492	1217	1908	3690	4779	6039	7762	9204	10272	12786	12820	14432	16826	18086	18111	18708
270	1	521	1054	2290	5209	5288	6809	10791	12649
271	1	523	1586	1721	1857	2988	5080	5318	8530	9540	12173	12889	14789	15821	17136
272	1	525	2858	6483	12538	18300
273	1	526	991	11897	20087
274	1	527	6990	8044	14307	15885	20615
275	1	530	4119	15288
276	1	531	6023	8152	11100	16544	17351	18782	19530
277	1	12085	13747	14527
278	1	12049	12832	20118
279	1	12066	15021	15831
280	1	5039	6995	14940	16306	18353	18829
281	1	332	7175	11381	15666	17860
282	1	333	1377	2605	4459	4999	5823	7831	7920	8135	8247	9818	11220	13130	13249	14405	14925	15505	15731	15759	16965	17585	18296	19097	20080	21047
283	1	5048	5822	9003	9302	11011	13375	16920	19822
284	1	5052	5879	17873	19322
285	1	5055	11913	12621	15400	20976
286	1	324	776	1495	1919	3206	5889	8042	11735	12055	14548	15424	21016	21086
287	1	330	339	2321
288	1	331	1014	10308
289	1	328	9815	17916
290	1	329	532	972	1370	1579	1673	2691	3345	4778	6408	6523	7051	8170	8497	8899	9528	10309	10313	11969	12388	13063	13177	13906	13952	16462	17608	18541	20364	20885
291	1	5090	17790	18390
292	1	5097	8440	10231	11048	13678	16825	18866	19934
293	1	5100	7014	10297	12292	12320	12757	14931	15539	19906
294	1	5106	5188	11443
295	1	5854	7693	12755	17748
296	1	3926	5077	9893	10110	11455	16951
297	1	5881	9813	15261	20400
298	1	206	13419	17527
299	1	199	1832	2052	6701	10650
300	1	202	1285	1913
301	1	194	232	992	2710	10628	19623
302	1	195	1846	3189	7411	11803	13388	14496	14653	15688	16823
303	1	196	2098	3838	4973	5842	8798	19161
304	1	197	507	732	9576	14021
305	1	11667	12175	13074	18188
306	1	11662	17791	20024
307	1	9558	11346	16033
308	1	3905	4070	5205	11528	16847	17038
309	1	6265	12038	15742
310	1	3904	4658	4947	7508	10112
311	1	6253	6507	7238	8844	13640	13668
312	1	7136	7463	8976	13068	13989	14167	18444	19904
313	1	7161	10408	11854	12374	12579	15549	20714
314	1	10879	11341	12746	16037	18876
315	1	1007	2866	6068	6142	8408	15730	18030
316	1	1009	8675	17375
317	1	3840	12171	16587
318	1	3842	7807	8415
319	1	3825	4651	11227	17622
320	1	3828	4698	5764	13104	18194	18363
321	1	7375	13617	17138
322	1	3253	4664	9892	12751	14946
323	1	3249	4683	9720	14826	18301	18930
324	1	3238	8290	12933
325	1	3242	5987	6526	10724
326	1	3241	3635	5898	9684
327	1	1276	8057	11342
328	1	1266	10258	18770	20815
329	1	1260	3217	4669	5747	6004	6618	8335	12531	12856	17888	18063	19125	19327	19986
330	1	1272	2317	8028	12954	13308	13329	15322	16198	17153	17172	17321	18477	18622	18818
331	1	1270	4931	6573	10929
332	1	1268	11621	14303
333	1	7608	7851	9647	16843	17708
334	1	7594	7924	12185	15365
335	1	9860	10283	15860
336	1	3717	13088	20825	21023
337	1	3716	13116	19400
338	1	3719	7505	20719
339	1	3710	10411	12524	18729	20780
340	1	3713	8763	17231	20149
341	1	3724	12727	12863	17164
342	1	13335	16378	16612	20788
343	1	872	1328	1575	2310	2604	6024	9063	9384	10080	10621	10894	13871	15066	15473	16380	18465	19091	19773	20715
344	1	8243	8477	11393	20740
345	1	2053	13453	19471
346	1	2050	13653	19078	19745	20311
347	1	2045	2351	4195	4208	6496	6905	7923	8103	8728	9420	12179	21000
348	1	2049	2071	5137	5999	6335	6337	6643	11162	11884	12607	15586	18899	19573
349	1	2033	4568	7817	10169	17934
350	1	2034	2307	2693	5417	5623	6655	6876	9489	10819	12723	12873	13372	13411	13847	15004	15361	20348	20456	21036
351	1	3075	3088	9858	11434	18684
352	1	3101	5047	8029	9465	12349	15949	16574	20060
353	1	3098	5574	13055	14973
354	1	59	870	4477	4520	6610	7274	7729	8559	9179	10757	12884	13506	18139	18358	20240	20490
355	1	58	429	943	1397	1485	1717	1906	1924	2286	2533	3932	4912	5201	5669	6157	6494	6580	6682	6885	6912	7221	7522	7741	9097	9130	9240	10532	10784	11195	11345	12325	13277	14752	15182	15370	15384	15668	15698	15833	15939	16030	16664	16887	17446	17802	18091	18210	18857	18875	20198	20222	20556
356	1	62	14521	17633	19672
357	1	60	6204	9674	15321	16553	17046	17600	18068	19431
358	1	6562	5896	1402	11422	16692	3171	12938	3074
359	1	57	701	800	3318	4657	11810	14464	16148	17909	19408	20737
360	1	56	1664	1903	3124	3804	5309	6758	8163	9023	12444	20764
361	1	764	1922	7519	18170
362	1	763	1742	9568
363	1	762	3927	12009
364	1	759	2220	2776	2925	4138	4987	10908	11809	12533	14376	14460	16358	16490
365	1	758	963	1479	2559	6440	7150	7658	8261	8313	8340	8722	8933	9279	11179	11511	11513	11594	11751	12558	13012	13508	13581	13750	15429	15469	16294	17103	17958	18454	18542	19316	19598
366	1	756	3162	6161	9305	11676	14335	16407	18011
367	1	768	14284	20444
368	1	767	1703	11287	11438	14152	15523	18920	20486	21012
369	1	3102	10741	11466
370	1	8232	9793	14252	19216
371	1	7405	8904	15660
372	1	9700	11279	15564	17060	20995
373	1	2646	3689	9140	19698
374	1	578	4080	8215
375	1	580	5885	7692	12901	20257
376	1	584	3186	11260	14802
377	1	586	13106	13740
378	1	12365	16251	19459	20326
379	1	12391	19439	19974
380	1	10454	14748	16110
381	1	1365	10651	18607
382	1	5004	10353	18221
383	1	5001	15250	19589
384	1	288	7632	7760	16012	16870	18198
385	1	285	1049	4572	5311	6271	6703	8388	9920	11210	13549	16177	16602	17894
386	1	283	7720	11865
387	1	281	437	528	1852	4464	5758	6042	8957	18686	18709	19109	19839
388	1	5125	11558	12506	18362	19339	19806
389	1	5122	13400	15770
390	1	5132	10914	11474	12021	13978	15397
391	1	6890	11276	13456	15415
392	1	182	16361	18523	20836
393	1	181	15751	15799
394	1	183	3115	8134	9798	13956
395	1	187	2466	2824	11860
396	1	186	307	576	949	1094	2032	2065	2131	2454	2493	2665	2674	2689	3073	3100	3537	3940	4037	4266	4478	4781	5158	5709	5852	5873	6130	6398	6417	6426	6555	6730	6879	7111	7718	8048	8366	8885	9244	9246	9387	9493	10269	10335	10364	10694	10994	12149	12322	12333	12515	13133	13470	13564	14034	14401	14867	14936	15128	15637	16211	16219	16356	17143	18162	18214	18473	18774	18779	18937	19088	19124	19237	19507	19700	20021	20347	20457	20546	20772	20904
397	1	189	239	388	1044	1282	1610	1791	2043	2064	2224	2397	2888	4614	4780	6107	6268	6537	6561	6662	6843	6904	6981	7241	7637	7648	8385	8495	9338	9887	10021	10098	10503	10666	10706	10732	11441	11447	12150	12494	13628	13734	13768	14096	14171	14219	14355	14793	16450	19302	19776	20181	20190	20408	20433	20472	20665	21074
398	1	188	3547	4357	4704	6029	6519	6628	7158	14234	15535	16495	18489
399	1	193	14672	18083
400	1	191	534	1091	1302	1944	2206	2313	2543	2881	2912	2924	3378	3656	4146	4160	4874	4967	5202	5435	5723	6419	6472	6928	6996	7291	7440	7726	8888	9351	9491	9703	10246	10859	11139	11672	12286	12407	12662	12688	13880	14196	15704	15855	16807	17546	17986	18100	19685	20005	20012	20068	20542	20893
401	1	5895	8514	11641	20617
402	1	5936	6056	6495	11190
403	1	5933	6379	8116	18204	20439
404	1	16742	18278	19385
405	1	6231	6325	6823	10179	13846	14874	17070	20925
406	1	6227	10579	12447	14489	17930	19372
407	1	6214	9588	11540	14151	19183
408	1	6207	15740	20601
409	1	7061	7933	11720
410	1	3814	9607	10445
411	1	3812	15528	17836
412	1	3791	13113	16381
413	1	3816	5661	6800	8098
414	1	12105	12604	14720	19084
415	1	8651	19178	21039
416	1	2999	6103	7647	12330	19305
417	1	3052	4549	9089
418	1	3000	4106	4169	4632	5369	7833	8148	8991	10450	13914
419	1	4202	5310	12045	14231
420	1	4207	6242	11613	16131	17041
421	1	3006	3078	3815	4455	5012	8837	13089	15522	18443	18913
422	1	4204	16879	17495
423	1	0	2754	10731	15938	19221
424	1	3011	3374	13330	19297
425	1	1279	2687	6854	7944	10315	20528
426	1	1280	2009	10458	19635	20169	20392
427	1	1289	3569	4165	5352	5863	6400	6707	9091	9249	13202	13270	14599	15051	16740	17562	20450	20761
428	1	1294	1925	3185	4603	4647	8049	8784	8968	9152	10143	11559	12590	12883	13764	15989	16192	18076	18130	18332	18368	18648	19669
429	1	1295	3670	3959	5059	11468	18752
430	1	3053	9357	10430	17244	17844	21038
431	1	10665	12241	19477	21072
432	1	7635	8479	10568	11018	16555	17991	20670	21053
433	1	7640	9216	10033	13524	17976
434	1	2906	4761	10456	14823	18258	20316	20940	21022
435	1	2907	4328	8966	9169	11362	14383	19712
436	1	2914	13290	14878	16332	16797	17204	18452	19723	20693	20994
437	1	2918	3685	7565	10937	12411	14114	14397	15557	15960	16727
438	1	2923	4743	4986	5332	6763	7392	8533	9313	10329	10978	11069	13613	13865	15778	18839
439	1	2929	4964	5112	7689	8039	9739	11213	12719	14106	14722	17326	19288
440	1	2638	11150	19210
441	1	3501	3701	10900	11602
442	1	3504	3665	7247	7751	12086
443	1	3518	4329	13699
444	1	3519	4078	6487	11405	17033	20658
445	1	3524	5406	15347
446	1	2627	10017	20172
447	1	1976	9154	14604	16239	18043	18329
448	1	1979	9147	9880	13295
449	1	1966	6910	8006	8835	12937	15966
450	1	1968	11654	19600
451	1	1969	3043	4856	10997	11382	14690
452	1	1972	2229	19380
453	1	1973	2063	5667	8322	8623	9350	11577	11899	11930	15154	15590	16714	16863	18567	19579	20501	20757	20978
454	1	8225	9496	10631	11267
455	1	8369	9125	9295	10817	20747
456	1	8187	12493	14655	15789	17340	20447
457	1	8220	10765	11425
458	1	742	6140	6785	8487	10149	13092	14762	18201	18392
459	1	745	4443	6844	11849	17063
460	1	746	3353	3616	5203	8203	11172	12825	13314	14079	19018	20794
461	1	749	12079	13843
462	1	734	827	1757	2843	3921	5094	5109	7234	7524	9910	11563	12094	12998	14928	15772	19420
463	1	735	2114	2505	3652	3882	6127	10161	10785	17521	20579
464	1	740	748	788	984	1394	2046	2414	2577	2663	2697	4219	4302	4621	5304	5544	5610	6234	6549	6598	6613	7172	7511	8192	8361	8511	8762	9062	9141	9272	9507	9596	10663	11108	11146	11650	11764	12700	13041	14513	14701	14882	15293	15800	15835	16090	16491	16776	16913	17288	17680	18340	19707	19927	20430
465	1	1726	11862	13378	19344
466	1	1727	7341	8729	12783	13135	14392	14511	15386	15842	16256	16384
467	1	1729	2937	8026
468	1	751	6222	11912	13139	14138	20259	20395
469	1	1724	3823	5906	8188	9787	11920	13509	13578	14333	14394	15323	17551	17732	20684
470	1	2270	12268	13651	15038
471	1	2271	4701	10781	16308
472	1	2266	7473	12281	17130
473	1	2272	3453	3911	10379	12920
474	1	9085	12472	14492
475	1	608	654	1642	1809	2329	4186	5466	6673	7235	8649	9143	9294	9641	10117	10958	12252	12526	13304	13315	14105	14629	17150
476	1	604	7487	11163	11526	13662	14207	15420	18673	20680
477	1	605	1382	3263	4613	6160	10010	15913	16596	18314	18797	19328	19491	19646
478	1	601	3114	7337	11157	12943	14054	16149	16805	17695	21061
479	1	603	1084	3732	4126	4445	4505	5049	5981	6925	7230	7307	8311	9035	9438	10027	10330	10514	11332	12805	13056	13815	14164	14338	14665	15198	15238	15427	16682	17616	18127	18659	19632	19808	20001	20402	20874
480	1	598	848	1306	1493	3048	3357	3673	4672	5022	5658	6794	6964	7092	8922	9992	10923	12864	14198	14477	15106	15324	15852	15980	17707	18229	18415	19122
481	1	593	4751	16583	17498
482	1	7662	7746	18241
483	1	7685	13393	14147
484	1	4255	5760	13576	19513
485	1	14595	16003	19289
486	1	4257	8371	8435	8709	9949	10990	16018	20848
487	1	6036	13805	16771	20105
488	1	8531	11853	14377
489	1	303	1487	7962	13913	15478
490	1	304	849	924	1047	1197	1700	1767	2653	2846	2915	3142	3723	3757	4077	4087	4472	4592	4872	5084	5344	5707	5953	6594	7042	7053	7121	7261	8288	8396	8810	9443	9503	10310	10386	10415	10425	10506	10620	10685	10993	11333	11336	11855	12572	12671	12692	12910	13418	13711	13806	13873	13934	14103	14588	14943	15309	16048	16449	16557	16792	17040	17333	17488	17579	17620	17714	17809	17868	17944	18594	18642	19263	19306	19416	19450	19565	19775	20217	20581	20842	20865	20879	21026
491	1	298	588	3269	7830	7860	8777	10801	12432	18339
492	1	301	4351	10780
493	1	302	7622	11024
494	1	292	1460	2453	2942	3789	4155	4281	6551	6637	6664	7038	7533	8041	8046	8305	8618	9373	11072	13690	13855	15032	15607	18209	18690
495	1	293	1135	2132	3467	4724	6062	16229	17135	17805	19212
496	1	5177	9481	13489
497	1	5169	7951	19980	20474
498	1	5157	17021	19674
499	1	5162	13403	13915	19955	20999
500	1	177	5947	6709	11478	15152	18335	19095
501	1	173	1183	15385	17857
502	1	11921	3543	21096	3292	5717	3327	3511	5061	9040	475	9270	10680	16499	16884	13775	4270	6948	18486	412	2909	12354	12301	15484	18483	14982	602	16709	7328	7620	8605	10261	1145	14283	14490	14589
503	1	170	14235	14853
504	1	171	354	918	961	1510	1740	1747	2998	3796	4722	4992	5381	5814	6035	6332	6383	6432	6878	7259	7990	8015	8814	9145	9418	9584	9800	10137	10257	10551	11019	11177	11649	11729	12018	12033	12269	12636	12942	12961	13118	13222	13391	13970	14714	15709	15874	16676	16861	17184	17451	17681	17735	17821	17941	19089	19098	19548	19788	19852	19926
505	1	168	4674	5041	7058	10700	11637	11858	11879	13065	13124	18989	20668
506	1	5257	9634	18211	6321	8296	13352	20673	15117	1333	18125	9107	20404	14729	17222	14291	8186	10528	4864	18187	19374	11599	14508	5812	10501	10229	17346	15798	17516	13499	12103	20467	674	7873	18434	2603	1783
507	1	178	1631	1800	3071	4180	4310	11039	12016	12528	12806	14453	15244	18468	19918	20130
508	1	10175	14308	17428
509	1	4648	9712	10031	12308	12551	14388	16395	17476	17690
510	1	4629	6529	6546	7988	9551	12117	12741	12932	14091	14675	16611
511	1	4630	10783	14970	18854
512	1	4652	4676	11288	13016	15122	19611
513	1	9929	11349	12532	21113
514	1	6342	10318	15002	15823
515	1	6302	7993	9461	13872
516	1	6320	8862	12490
517	1	7024	9695	20611
518	1	7044	7081	13090
519	1	9938	10105	10264	14689	15047	17315	20642
520	1	10216	16460	19704
521	1	18133	19000	19256
522	1	3876	18502	18720	19960
523	1	3877	10073	15299	18826
524	1	3873	5383	7735	8164	9300	13446	19483	19495	20915
525	1	3885	4145	7281	8980	9210	15355	16145	18311	18865	20116
526	1	3881	3952	7876	11595	17763
527	1	12223	13790	14346	19493
528	1	4905	6087	7071	8718	10662	11459	11487	15220	17676	20908
529	1	1550	1679	9538	17188	18203
530	1	4896	8795	10339	10539	10850	12232	15000	15153	15285
531	1	4897	9406	20343
532	1	4898	7008	7260	7655	9785	11722	13281	14306	15176
533	1	4900	8781	9879	10870
534	1	1535	6301	10639
535	1	1533	3942	8082	13394	17904
536	1	1545	1827	2113	3026	5088	5325	6525	7667	9299	9840	10305	11075	11153	12068	12386	17896	20898	20944
537	1	1543	1618	2787	3496	9316	10535	12285	16032	19550	19653
538	1	1540	3563	5441	5962	6410	7584	15234
539	1	4248	5663	10954	13698	14975	19114
540	1	4246	7960	17734
541	1	4252	6255	9666	19666
542	1	4251	13364	14644	16467
543	1	4240	6083	8257	11737
544	1	4244	7491	9028	9136	11246	11586	18365
545	1	4254	4258	6527	6769	9604	12111	14239	14669	14827	15721	17097	17303	18149	18316	18360	18609
546	1	4253	11005	13333
547	1	9486	11275	11410	13609	13917
548	1	9463	15462	20375
549	1	1321	8111	17267
550	1	1317	2019	8646	10794	11079
551	1	1311	6368	8589	11703	15260
552	1	1319	2172	17209	19071
553	1	1318	10177	16632	17185
554	1	1301	8915	20413
555	1	1300	1779	2141	3492	5011	7585	13540	14791	16155	17241	18249	19101	19440
556	1	1305	8274	15888	17659	17819
557	1	8688	12188	18831	18858
558	1	5808	11278	19405
559	1	2869	7559	8237	13982	17965
560	1	2885	10898	17897
561	1	2884	3117	12921
562	1	2896	8717	20802
563	1	2895	4640	7745	8987	10124	18532	19460
564	1	1254	1503	16061
565	1	1253	14880	17880
566	1	1246	10152	12318	13721
567	1	1243	2719	3321	4914	5073	7315	7462	7486	8843	8985	10157	10948	11657	14067	14129	17207
568	1	3553	7564	17730	18288
569	1	1259	5542	8079	8391	14956	19576
570	1	1258	2643	9600	13943	14170	14210	16798	17769
571	1	2340	9425	10838	20453	20692
572	1	2346	13379	20861
573	1	1995	7868	10337	13995	16486
574	1	1986	2230	6119	6223	6286	8983	11918	12903	13445	18778	19973
575	1	1994	2492	9087	14205
576	1	1993	4795	5104	6348	15593	15861	15983	16289	19520
577	1	1991	2716	13923	14386	21058
578	1	1990	6353	10977	16681	17912	18152	18367	18396	19947
579	1	8331	9514	12030
580	1	7377	9954	9959
581	1	8323	10396	15537
582	1	8320	13301	13700
583	1	733	5297	6845	7941
584	1	1694	5164	6503	7959	13274	16297
585	1	1690	10661	13587	15743	18129
586	1	1687	5664	6191	8647
587	1	727	2589	3912	4191	4409	4429	4642	5780	5984	6427	6997	8330	8353	11423	11606	11779	14130	14330	15757	16370	17426	17754	18077	18671	18786	20208	20246
588	1	1683	8169	12343
589	1	1677	6784	9667	10427	18287
590	1	903	1361	2194	4405	7170	7845	8624	9774	10093	19939
591	1	901	7033	13217
592	1	895	1075	3056	3421	4512	4579	4982	7854	8855	10847	13704	14088	16228	20919
593	1	910	7319	8309	11435	16464	17442	20401
594	1	907	6054	6938	7005	16488
595	1	906	932	4423	6037	8575	9881
596	1	915	1303	8733	9416	19195	19754
597	1	14707	16190	18530	19140
598	1	2260	6817	8583
599	1	3025	4009	18369
600	1	7723	7803	11554	12642	17433	17696	20381
601	1	7766	10713	12288
602	1	2	66	7016	9155	12453	12652
603	1	12732	19992	20536
604	1	15102	15630	20508
605	1	14	4330	4417	5552	7256	14201	18657	19298
606	1	16	10222	10772	11532	11944	12655	13103	14358	14459	15782	20245
607	1	15	2122	2971	2992	4873	5429	5932	6544	7596	8441	8696	9215	9671	9776	9994	10000	10991	11182	11446	13642	13916	15111	15237	16366	16634	16657	17615	17875	18061	18271	19051	19082	20176	20234	20440	20704
608	1	18	852	942	2827	2965	3758	3824	3982	4176	4336	4526	4809	5013	5555	5718	5743	5763	5790	5886	5899	6136	6199	6705	7432	7948	8157	8578	9110	9114	9723	11370	11610	11773	13001	14249	14987	15317	15642	16031	16406	16413	16440	17538	17936	17998	18175	18378	18692	19547	20102	20119	20141	20389	20409	20550	20608	20783	20875	21025
609	1	16209	4845	7272	14797	18958	2614	5942	16523	10698	1110	3847	19975	19482	1544	12042	13598	2495	10132	9660	17757	8318	4911	3086	3439	127	7702	20824	13064	7624	13977
610	1	20	1909	4390	15928
611	1	19	223	898	1262	1312	1593	1926	2003	2486	2563	2651	2928	2956	3120	3312	3390	3429	3465	3612	4151	4190	4749	4826	5222	5249	5329	5432	5493	5744	6154	6356	7142	7209	7527	7537	7918	8124	9519	10387	10505	10683	11131	11229	11491	11550	11582	12083	12115	12121	12139	12631	12651	12870	12930	13102	13195	13500	13971	14176	14509	14515	14677	14962	16282	16396	16581	16969	17057	17133	17418	17484	17845	17915	18200	18327	18578	19378	19540	19995	20382	20880	21057	21103
612	1	22	4242	17076
613	1	8845	10915	12701
614	1	9616	9886	11612	16706
615	1	18666	19556	19885
616	1	14569	15499	20871
617	1	14560	15859	20148
618	1	7177	13236	20784
619	1	9636	10002	10135	11704	16635	19807	20011
620	1	255	1814	2793	7590	17770	18140	20324	21003
621	1	254	1917	4799	8191	8513	20004
622	1	256	9913	12305	16540
623	1	259	5678	6102
624	1	258	1112	1364	1794	2278	2698	2706	2730	2760	2899	3572	4159	4347	5119	5862	6106	6170	7544	8207	10434	10999	12762	13633	14212	15995	17559	18769	18988	19053	19231	19271	19789
625	1	262	6158	7140	10981	11256	15575	16167
626	1	268	9181	12739	14981	18330
627	1	266	2473	16433
628	1	3139	9013	11906	16588
629	1	5193	10418	19426
630	1	3130	13027	17194
631	1	3166	3586	4083	6213	11805	13144	18660
632	1	5183	6414	19367	20596
633	1	3161	3766	5494	5577	5856	7946	8009	8302	8510	9211	9918	10761	11686	11700	11893	13132	13629	14003	14900	17385	19355
634	1	3159	3296	3943	5002	6109	7569	8861	9225	9825	12660	13081	13772	14666	16997	17772	17933	18570	19779
635	1	5014	12379	14119
636	1	10668	14269	20605
637	1	4688	6375	10748	13084
638	1	4687	6642	12492
639	1	4690	6409	14846	19356
640	1	4681	6567	8710	21045
641	1	4680	4844	5629	20248
642	1	4686	11218	17383	18304
643	1	4702	11088	14767
644	1	6289	6807	7327	12341
645	1	6287	8719	13465	14909	19909	20250
646	1	5030	6105	20107	20743
647	1	6275	7617	18250
648	1	6993	8356	9164	9184	13157	14512
649	1	6983	17871	20006
650	1	6961	9931	9933	21095
651	1	3869	6442	10113	10638	13849	19716
652	1	3862	5465	6050	6764	8067	9224	9304	11167	11485	12667	12810	14282	15174	18120	19536	20031
653	1	3858	4067	7169	7889	10440
654	1	3850	4458	12450	13687	15227
655	1	3853	8149	8771	14852	16095	18877
656	1	1527	2524	14320	18137
657	1	1529	1847	2197	2482	4771	5113	8144	17439	21028
658	1	4883	5027	5825	6780	15311
659	1	4882	6211	9430	13422
660	1	4868	12689	20254	20291
661	1	1513	2382	10980	17528
662	1	1515	9388	15445
663	1	1517	2024	2238	3393	4671	5051	5935	5952	9112	10397	12276	12778	19696	20906
664	1	1521	4054	8200
665	1	1523	6393	16210	20124
666	1	1526	3083	4860	4909	5650	6306	8315	9902	13142
667	1	5815	8713	15877
668	1	4144	4301	8549	15333	19981
669	1	4147	5237	8683	12837
670	1	4154	5259	5595	5914	7578	13324	14323	16610	16713
671	1	4156	11652	19879
672	1	4164	8380	10388
673	1	1330	6943	16124
674	1	1335	2699	3044	8136	9311	17415	17706	18724	19296	19794	19864	20386	20985	21018
675	1	1331	1606	3657	4099	10181	15811
676	1	1336	1949	2198	2222	4382	4628	4853	5191	5874	6005	6166	6340	8038	8657	10004	10976	12505	16019	17682	17797
677	1	3	42	204	290	3480	4349	4412	4599	6217	6601	8947	9628	9974	10392	11690	12804	13280	13696	15108	15611	16693	18180	19165	20370
678	1	9241	10938	18388
679	1	4333	5921	17593	21078
680	1	1235	12127	19229
681	1	1239	3567	5361	7472	8344	9677	14584	17120	17376	19746
682	1	1227	1231	1947	2047	2798	4004	5135	6502	6582	7415	9820	10799	14272	14364	15710	16240	16616	17214	17919	17923	18185	20411
683	1	1234	11133	13200
684	1	3577	8258	9627	10548	17403
685	1	3571	3627	3859	4373	13463	14292	14616	14795	14938	18272	20218
686	1	3574	6122	10260	15702	16496	21108
687	1	1241	7173	12161
688	1	1242	2792	3875	4528	7682	9149	9906
689	1	3557	8329	10085
690	1	9996	15604	18393
691	1	65	2338	8267	11723	16813
692	1	68	270	473	546	1100	1662	1936	3141	3323	3581	3587	4021	4066	4846	4946	5266	6040	6748	6921	7502	7784	7947	7975	8975	9202	9809	10591	10930	11565	12334	12417	12588	12902	13218	16302	17072	17499	17760	18389	20083	20991
693	1	69	908	1439	1671	1999	3901	4137	4315	5830	7547	8439	8492	8558	8752	9156	9520	9783	10738	10841	11656	14334	16855	17948	18331	20214
694	1	70	350	1249	1707	3447	5335	7808	11147	13071	13792	16176	16867	17263	18380	19984	20889
695	1	74	263	3144	13937	15368
696	1	75	6389	11300	12435	18018
697	1	77	2991	3565	4232	4703	8198	9410	9751	10696	13889	14158	14332	15327	15376	15552	15788	15866	16062	17570	19090	19276	19514
698	1	78	3750	5897	6196
699	1	2578	13706	17320	19720
700	1	3199	4880	13230	14225	17938	19160	19393
701	1	3179	11121	17095
702	1	3180	3295	18869
703	1	3174	4481	6038	7354	11387	17219	17374	17901
704	1	1773	18213	19998
705	1	1763	2969	4790	8934	9132	18305
706	1	20878	15387	1613	6202
707	1	1751	4006	6148	12048	17066
708	1	712	909	3594	12212	16833
709	1	707	766	2394	6173	7096	12880	15029	18568
710	1	708	15973	19261	20483
711	1	705	10749	19876
712	1	706	12609	16391
713	1	2195	8720	11772	11807	15696	16401	16414	18851
714	1	2202	3620	5131
715	1	920	4723	5793	19280
716	1	922	4427	11110	11219	12283	19370
717	1	2218	2880	19862
718	1	929	4416	4422	16830
719	1	931	1245	4531	5398	6532	7573	7678	7690	12385	15393	15711	16006	19233
720	1	933	6132	8061	10892	11241	11845	18237	19326
721	1	934	13859	16800	17350
722	1	15830	18737	19979
723	1	7809	8401	15358	15430	20431
724	1	7796	12181	16005	18806	20301
725	1	1935	14535	16097	16503	18949
726	1	1928	3728	5276	6937	7123	9095	11143	11706	16489	19828
727	1	1929	2713	4142	5566	6597	8437	9523	15572	17125	17709	18643	19621	20047	20557
728	1	1921	5872	16841
729	1	1927	7783	11708	15553	20406	20814	20816
730	1	2814	10807	16633	19369
731	1	2816	7189	19170
732	1	1937	2134	3165	4716	11233	16507
733	1	1938	8964	12026	20195
734	1	4062	13156	13726
735	1	11901	13621	17059
736	1	4862	12375	16799	17001
737	1	7372	12729	15667
738	1	14519	19997	20759
739	1	8120	12801	15933	20669
740	1	277	423	1665	1701	2527	3126	3886	7079	7283	11634	12598	13619	14027	16441	17445	17651	18297	18790	19135	20056	21091
741	1	278	2164	7050	11984	13021	14549	15328	20957
742	1	275	3030	6338	7402	8043
743	1	276	1518	2503	4353	8069	8996	13760	15652	16685	18992
744	1	273	2089	4875	5147	6668	10675	10677	15467
745	1	272	793	1363	1597	1998	2612	2701	2737	3661	4776	4825	6092	6863	7185	7765	8058	8089	10170	10389	10401	10844	11051	12036	12500	12589	13171	13226	13681	13861	15164	15787	17058	18310	19348	19457	19790	20355	20591	20920
746	1	3018	3580	4849	10412	11827	14367	14834	15461	16890
747	1	279	470	4489	6200	11784	12352	13649	14288	15199	17587	18167
748	1	280	7607	7764
749	1	8680	13072	13402
750	1	4863	13607	20688
751	1	5	440	14036
752	1	6842	8599	8803	8928	15067	18033
753	1	11414	11856	12946	13931	20077
754	1	6406	6984	15650
755	1	6407	7601	11500	12224	14679	17274
756	1	6428	11966	12081	12948	16068	16349	18208	18401	19736	20350
757	1	6431	7551	13864	20533
758	1	5754	5989	15683
759	1	5752	10861	13319	14179	20982
760	1	5750	15179	17242
761	1	8253	8944	9928	10413	16928
762	1	7310	9852	14155	14685	17330
763	1	7311	18738	19272
764	1	7285	13223	15408
765	1	7287	9092	17806
766	1	7294	14455	20496
767	1	7302	9707	12008	12957
768	1	3958	12666	18445
769	1	9080	10267	14193
770	1	3933	4115	13825
771	1	3945	5379	5579	18583	20412
772	1	3956	11695	14403	14541	19110
773	1	4983	10127	12242	18599
774	1	4980	7240	9530	18050	18315	19011
775	1	1512	1896	5291	7406	7499	7560	8464	10564	11570	13111	14542	14598	16744	18160	18814
776	1	1511	9802	10012
777	1	4988	7034	9573
778	1	1500	14906	19878
779	1	6623	9400	11804	14567	16105
780	1	6604	7146	9466	10902	16313	18966
781	1	6625	13548	18462
782	1	4177	6245	8284	18095
783	1	4172	5457	10251	13066	16123
784	1	4187	13457	17408
785	1	9592	11924	12519	13691	15145
786	1	4192	9150	14693
787	1	10034	14458	16711	16901	18703
788	1	1351	6225	10333	12244	16088	19473	19897
789	1	1350	14558	20445
790	1	1346	3315	7496	19582
791	1	1341	6859	12852
792	1	1339	7398	9986	17494
793	1	1355	3129	4834	7861	19079	19353	20345
794	1	983	6681	13495	19099	20555
795	1	3596	3884	4954	8490
796	1	3598	8451	11231	14740
797	1	3597	3778	5264	8248	9001	11580	12716	13155	14287	20849
798	1	982	1156	6833	7168	10648	16071	17086	17668	17807	18995
799	1	3609	4963	10381	12002	12247	12578	12922
800	1	1177	3473	19269
801	1	1176	2121	2212	2253	3538	4606	6958	7088	7228	7246	7846	8750	9259	9845	10513	12156	12496	14206	15339	19614
802	1	1175	1338	3509	4097	8255	8481	8528	8995	10226	10391	12803	12980	13174	14787	16125	18066	18347	18527	18849
803	1	1174	6808	8780	11625	12309	12663	13240
804	1	1181	7060	7913	10500	16909	17607	18244	19793
805	1	1180	4061	5917	9053	9821	11258	20113	20437
806	1	1179	1689	2974	3653	3997	10270	13921	16014	18496	19848	20133
807	1	1187	1621	12849
808	1	714	7323	18604
809	1	3219	12263	14501	19874	20498	20713
810	1	3204	7727	11833	17739	18492	18868
811	1	3208	3255	12043	13212	14247	17453
812	1	1764	3175	5152	5235	6536	9266	9396	13079	14082	17535
813	1	8081	8817	17847	18078
814	1	3231	4209	13272	18652
815	1	1748	5785	7296	11129
816	1	1738	2151	2592	3358	3871	6723	7366	7793	9271	11045	13371	14024	18010	18512	18645	18725	19024	19100	20255	20633
817	1	1735	11755	15805
818	1	1739	1946	2209	13053	13464	17511	17603
819	1	1768	6521	7731
820	1	1750	2920	6678	8423	18580
821	1	1771	11372	13049	17332	18336	19387	20038
822	1	868	2054	3113	3251	4038	4238	4832	5009	5613	6708	6745	7433	7602	8555	8603	9335	10433	10529	10719	11065	11303	13146	13356	14064	14590	14632	15240	15271	18157	18734	19106	20055	20271	21010
823	1	871	1388	1971	5053	8739	9413	9897	14916	15079	15218	15981	17359	20126
824	1	869	1699	6558	18414	19555	21069
825	1	863	2438	6734	8689	15600
826	1	865	10155	11644	18266
827	1	864	2723	9190	12007	17883	20777
828	1	2180	14214	16529	17762
829	1	2179	12923	14253
830	1	2184	3346	4925	6311	7857	8357	8472	11465	12258	12836	13702	13770	14224	15646	16216	16516	16802	17226	19442
831	1	873	6627	8412	9005	9437
832	1	2171	4193	19346	21014
833	1	2193	4506	4713	10311	11793	13791	15105
834	1	925	999	1405	1436	1895	2123	4149	5285	5412	5860	6373	6770	9904	10059	11754	12273	14002	16245	16873	19418	19692	20106	20682	20900
835	1	928	2549	3385	14139
836	1	2213	3768	10032	11068	15988
837	1	8740	9527	18058
838	1	8700	9537	15677	16623	19310	20795
839	1	1950	5082	6592	10946
840	1	1951	9770	14241
841	1	1959	5195	7758	19203
842	1	1961	3601	4492	8698	16842	18384	20770
843	1	647	4178	4759	10141	10232	12487	13759	15074	16650
844	1	2794	3648	4274	6861	16536	19413
845	1	2791	5938	11880	12766	15155	15907	17208	17829
846	1	645	2656	3856	4895	6739	7367	14312	14866	21063
847	1	14125	15577	17319
848	1	2546	2639	6359	6596	7068	8610	16932	16962	18961	19083
849	1	638	2299	8984	14275	16222	19933
850	1	686	8485	16269	16889
851	1	684	900	2085	2930	3085	4582	5422	6382	6951	9067	10543	10600	11506	11560	11608	13180	13250	14304	14828	14988	15986	16743	17287	17458	17740	18039	19821	19999	20926
852	1	682	2259	9051	19796
853	1	680	3289	3481	6939	7649	9049	12217	12299	12556	13718	14635	15086	18847	19118	19866	20656
854	1	2541	3438	6584	15268	15916	18862	19667
855	1	678	5795	16044
856	1	676	882	1058	1817	2365	5597	6165	6900	9625	9789	13755	14382	14608	14897	15643	17789	19881
857	1	673	1583	10331	19619
858	1	16025	17252	18202	18721
859	1	11778	12977	13331	15388	15466
860	1	13004	14692	15196
861	1	13015	17347	17788
862	1	12646	15222	20032
863	1	12648	13946	13992	14186	16831	17621	20946
864	1	12632	13287	16662
865	1	253	1547	1770	14918
866	1	248	7984	10776	20272
867	1	247	12680	17533	17650	20207
868	1	250	482	1200	1274	1634	2355	3793	4839	6691	6696	7308	7394	8214	9479	9502	9543	10252	10891	11503	12430	12516	13062	13363	14144	14202	14526	15349	15416	15436	16267	17098	17412	17765	18216	18372	19670	21024	21060
869	1	243	2749	5176	5462	6605	10382	19208	19551	20766	21077
870	1	240	3352	9976	10917	11947	13172	13893	14361
871	1	246	713	1983	2016	2354	3001	3497	3680	3718	5967	8050	8123	8741	9428	9754	9778	10103	10125	12888	13897	13972	14366	15606	15732	16015	16438	16748	17379	17854	18246	18573	18581	19428	19552	19831	20029	20091	20545
872	1	245	6402	7064	7452	7545	8256	10001	10321	11680	12274	16738	18848	20676
873	1	11620	17344	17576	17604	20353	20560
874	1	5807	6013	20790	20840
875	1	11626	12300	19064
876	1	2806	8122	11116	12373
877	1	2808	3257	3377	3639	4203	4282	4990	5168	5659	6022	7371	8131	9497	9505	10587	11053	11404	12282	12958	13094	13233	13582	14759	15291	15719	16476	16749	17119	17431	17782	18005	18206	18376	19538	19711	21066
878	1	2810	12503	14532	16675	19480	20897
879	1	5738	8299	16375	17698	17851
880	1	5734	15518	16458	18898
881	1	5748	13556	20818
882	1	2795	11614	20108
883	1	2796	4670	4957	16293
884	1	2802	8523	10520	13219	20264
885	1	7249	12773	14220
886	1	4228	11308	16041
887	1	1480	3067	3213	4620	5016	7224	7961	8622	10455	10837	10922	11221	14267	16101	16770
888	1	1474	1551	2367	9000	21037
889	1	1489	5148	5880	17514	20177
890	1	1490	4667	10736	16213	20471
891	1	1483	3621	8450	8782	8848	10041	10407	11324	12576	13398	14442	14472	17190	17380	18096	18991	19105	19911
892	1	1491	4432	12434
893	1	1494	7244	18463
894	1	3918	8090	15678
895	1	3907	9393	13829
896	1	4943	11078	14467	14972
897	1	4926	9480	14060	15009	21075
898	1	4929	12314	13832	18685
899	1	9525	10424	18235
900	1	6654	7684	12790	14039	17793	18346
901	1	4098	12554	20567
902	1	4082	5497	18190
903	1	4076	5468	8757	9345	15422	16677	18606	20167
904	1	1368	2707	2733	2841	2853	5931	7147	8940	9319	11658	12939	13637	13869	14998	15591	17413	19066
905	1	1373	10940	12028	14941
906	1	1375	3489	7464	9688	13138	18361
907	1	1357	1462	2115	2770	3009	3216	4428	4515	4600	5789	7073	7395	7806	7978	8146	8791	9549	10796	11591	11607	11972	12358	12838	13659	13727	14517	15005	15459	15664	16538	16822	16860	16916	17141	17452	17627	17887	18431	19139
908	1	1358	4463	11296
909	1	1380	3097	8860	13203
910	1	12696	19607	20302
911	1	1159	3865	12521
912	1	1161	4215	5019	11623	12767	16689	19002	20017	20531
913	1	1163	2658	2889	3361	4587	6656	7105	8375	9761	16197	16722	18846	20002	20888
914	1	1164	5133	12796	16417	20662
915	1	1169	3262	4358	6309	6899	9124	10947	11826	12214	12563	13036	13054	13101	13658	14819	15207	15807	15977	16936	20142
916	1	1172	13265	15715	15908	16126	19609
917	1	1173	14169	15318	16801
918	1	8522	10044	12529	15568	17859	20314
919	1	3785	4585	5867	11697	12990
920	1	8045	9997	10253
921	1	8030	8576	18560
922	1	8014	9325	11098	20224
923	1	1815	3260	5278	5715	20333
924	1	1823	2004	2894	3961	4594	13224	13384	17597	17727
925	1	1824	6190	8036	10705	11373	16250	18168
926	1	1826	3121	12895	14294	17999
927	1	3487	5510	5766	6674	7166	7910	9133	10643	10678	11797	11859	13703	15015	15406	16063	16339	16628	16812	17211	17367	17975	18620	18749	18999	19458	19599
928	1	3479	5153	6221	10082	14052	20180
929	1	3760	13028	14698	16624	17967	19226
930	1	892	3409	4890	6776	8020	8734	9550	13736	18982	19843
931	1	894	2106	5163	12383	12813	15398	16107	16751	16815	17815	18537
932	1	884	11509	12788	18927
933	1	879	2330	7396
934	1	888	12914	16254
935	1	891	6381	6513	7455	11470	15160	15665	17931	18855	19365
936	1	886	2013	19361
937	1	887	6248	18103
938	1	16230	17409	18485
939	1	8813	17030	17397
940	1	6052	17481	18558
941	1	2850	4341	4581	4889	5215	5959	7023	7421	7456	9071	9547	9947	10227	10767	14438	14667	14815	14935	14947	15419	15974	16047	18169	18292	19832	20150	20174	20705	20806	21071
942	1	2844	12398	13254	17338
943	1	2863	9276	9874	17648
944	1	2851	3234	5182	5263	6259	7286	8210	9385	10510	10972	11824	12962	15377	15488	16114	19354	20628
945	1	2855	4737	10102	15192
946	1	2418	3900	4804	7426	12525	12725	13867	14187	14746	15014	19127	19714	20990
947	1	2410	3227	3499	6026	6756	7467	8664	9069	14615	14728	17942	18123	19198	20081
948	1	2415	3057	15255	20309
949	1	2919	5598	6468
950	1	2428	5869	12317	16775	17671
951	1	703	1348	1452	1509	2615	6524	6767	6969	9336	9960	10404	10524	11619	12399	12476	12702	13563	14870	15425	18159	19645
952	1	696	9363	18089	20379
953	1	697	6666	11702
954	1	702	20138	20322
955	1	690	13051	20869	20895
956	1	691	1580	3314	7031	17010
957	1	694	1481	2096	7052	9471	9740	13823	16559	19608
958	1	695	2786	11415	11866	13247	17630	20873
959	1	27	201	341	1715	2136	2147	3278	4920	6772	6775	8478	10793	11501	13359	13518	13575	13754	16963	18113	18852	20339
960	1	28	3948	4969	7420	9044	13161	13268	13565	19421
961	1	29	4942	13634	20916
962	1	30	574	1877	6307	8769	11997	13119	14564	15283
963	1	25	2879	5569	5616	6117	7572	10809
964	1	26	4725	12469	13969	16224	20826
965	1	13095	14192	15616	17611	20683
966	1	14419	18894	19373	19957
967	1	3530	7176	16246
968	1	13756	15566	18021
969	1	9578	11099	11508	11987
970	1	13397	16985	18432	19334
971	1	11539	16187	16725
972	1	4523	7928	8793
973	1	5338	11949	13454	13657
974	1	5343	6446	10659	13285	14705	15632
975	1	5357	15062	18247
976	1	16931	17161	17407
977	1	6505	8400	15057
978	1	6488	7893	7934	12159	13252	19583
979	1	6498	15454	16070
980	1	4544	6317	6435	7348
981	1	6465	7675	8175	20660
982	1	6463	13679	17545	20667
983	1	11710	12829	18014
984	1	5700	9583	17795
985	1	5701	11757	13085	16762
986	1	5691	8906	10686	14345	20039
987	1	5681	6650	11693	15680
988	1	6576	7017	9347	14760
989	1	6581	8819	9724	12784
990	1	11215	13507	20232	20981
991	1	1892	7035	8945
992	1	1891	3666	4090	7906
993	1	3983	16734	19103
994	1	1890	6315	7736	10340
995	1	1889	2732	5992	16284	18471	19799	20524
996	1	1632	2233	6388	7659	16454	19985
997	1	1623	3830	13685	13820	18045	20265
998	1	1622	1761	17609
999	1	1633	1865	4223	4684	6726	10043	10742	11747	11882	13647	17482	20494
1000	1	228	1292	5171	15929
1001	1	229	1056	2660	2683	2864	2955	3226	3293	4372	4938	5110	6572	6635	8276	8667	9159	9163	9389	10317	11360	11502	11896	12133	12363	13059	13246	13643	13968	14028	14356	15060	16193	16643	17348	18155	18644	18689	20090	20183	20321	20535
1002	1	227	1453	2751	4127	4870	5386	5841	5903	6326	6444	6699	8372	10889	12831	13590	13742	14777	15277	16183	17049	17683	18946	19138	19689
1003	1	233	6821	15326
1004	1	235	310	3193	3987	8665	10055	11217	14390	18592	20342
1005	1	230	1455	3062	4933	5414	8881	9495	11090	11307	12843	14051	18923	20008	20938
1006	1	231	17526	19142
1007	1	4744	8143	10563	11023	14279	15440	16436	19196
1008	1	236	3541	7869	8620	13060	16136
1009	1	238	430	781	1284	1378	2666	3017	3155	3807	4002	4034	4765	5813	5982	5991	8432	9306	9515	10062	11463	12335	12630	13737	14217	14965	15898	16572	16872	18601	18670	18904	19021	19591	21111
1010	1	6679	8223	9079	13837
1011	1	6712	8797	12842	15471	15775	18544
1012	1	6713	13866	14140	16597
1013	1	4129	4978	5915	12740	14261	15025
1014	1	9673	10072	10522	19043	20563
1015	1	4105	5149	7403	10671	19935
1016	1	4111	5229	8454
1017	1	4117	11240	15140	20206
1018	1	4112	7109	7614	8615	10546	11983	15070	15912	17577	20432	20801
1019	1	4123	6176	6477	9277	16986	17995
1020	1	4121	9750	11857	17573	18012
1021	1	1386	1532	17427
1022	1	1387	1486	1668	3946	6212	7357	15104	15143	20145	20595
1023	1	1408	4326	5072	8118	8467
1024	1	4447	9405	11640	18579	18633
1025	1	4436	12109	14428	17342
1026	1	4439	5079	13554
1027	1	4441	8195	14704
1028	1	17131	17572	20378
1029	1	8999	10658	11923	15159
1030	1	4452	6274	6475	12005	13436
1031	1	4454	4508	5286	5690	8857	13514	15024	18400	18807	19791	19994
1032	1	7232	9214	10200	15791	16732
1033	1	1428	2564	4661	7847	8504	8872	9178	9330	9690	9711	10787	11450	11479	11736	13143	14712	14885	15305	17759	19225	20346
1034	1	1443	1451	5843	6186	12484	12669	13908	16543	19543	20650
1035	1	1434	5093	7332	8054	8365	10186	13083	16260
1036	1	1445	6183	6184	9340	12206	20085
1037	1	1444	3069	7143	8068	9733	13948	17436
1038	1	9025	12142	12331
1039	1	11875	14534	14806	18131	18626	19564
1040	1	1213	2534	15357	16321
1041	1	1216	3936	4573	6719	7553	10196	10960	11127	12116	12991	13141	14180	15693	16027	17688	18474	18742
1042	1	1215	1853	3344	11035	17644	19424
1043	1	1211	3051	5035	6786	12174
1044	1	1209	5774	14839
1045	1	1219	12659	14084	17017	19443
1046	1	89	1374	2225	8289	14278	15917	17292	17697	17787	17863	20318
1047	1	88	4259	7237	8708	18243
1048	1	86	3779	8774	9617	11311	12440
1049	1	81	4174	6857	16099	16552
1050	1	80	516	2250	5312	6760	12359
1051	1	6437	8016	9952	17747	21055	3235	5686	20769
1052	1	8150	8592	9218	11083	11426	17286	17719	18354	20380
1053	1	8145	11895	13890
1054	1	90	1848	3214	3408	4380	6126	7700	8013	8096	10544	12959	13580	18833	20203
1055	1	1785	4554	8204	9699	14063
1056	1	1784	5972	11412	16049
1057	1	1781	2539	2943	4706	8851	11904	13439	19750
1058	1	1798	3360	4514	7196	10091	10228	12567
1059	1	1796	1941	2150	2458	4188	4720	7791	9226	9682	10399	13776	13842	14605	15099	15658	16475	18251	18440	20297
1060	1	1790	6067	8564
1061	1	1813	3157	5622	5779	5990	7239	8648	9138	9894	10653	13424	15657	15923	16115	18627
1062	1	1806	9884	10828	10920	12781
1063	1	3446	4134	6832	12726	13638	15157	15984	17810	17902
1064	1	3449	4971	7936	11097	11951	14536	15298
1065	1	3455	3740	10711	11691	12372	12509	14444	18853	19563	20578	20622	20674
1066	1	3470	5091	14061	14424	14682	18424
1067	1	2339	3646	4029	4131	7977	9245	10375	15918	16598	17917	20258
1068	1	994	3301	10982	11523	14017
1069	1	990	2709	2935	6343	8520	8986	10657
1070	1	2323	14163	16961
1071	1	985	6711	10829	11536	19038
1072	1	2331	7122	14601	15815
1073	1	2326	4767	9424
1074	1	2325	11236	12724
1075	1	9662	17335	20417
1076	1	8684	11350	14134
1077	1	8337	12130	16563
1078	1	14861	15544	16442	19085
1079	1	8892	11615	16530	20242
1080	1	8854	16665	19742
1081	1	8856	10286	17501
1082	1	8853	11304	11976	13793	20969
1083	1	8859	14023	20441	20793
1084	1	2838	10295	15851	19357	20468
1085	1	2831	3923	4072	4163	6846	6973	7351	7478	10846	12861	14008	14754	16517	17629	18307	18837	19041	19585	19592	20088
1086	1	1732	3191	14016
1087	1	2835	4847	6401	15248	17858
1088	1	2834	9738	10263
1089	1	2819	12001	12973	14676	14847	18498
1090	1	1734	3604	3705	6007	7674	12793	17440
1091	1	2448	2967	6178	9296	10624	12090	15824	15857	16821	18504	18845	19574	20152	20624
1092	1	2445	4516	5145	15810	20135
1093	1	2444	3848	7065	8935	9170	12037	13207	16468	18888
1094	1	9626	12925	13615	19168	20022
1095	1	2451	4858	10104
1096	1	14978	19524	20515
1097	1	8407	17181	18046
1098	1	10446	12190	19133
1099	1	415	2436	6146	18906
1100	1	409	1310	2227	2621	5611	5868	6116	14336	17256
1101	1	408	4727	19913
1102	1	407	7862	18024
1103	1	405	5410	9828	15563	18638	20767
1104	1	414	937	1121	1856	3002	4522	4757	4806	5341	6354	6722	7987	9289	10594	10743	11631	11709	11771	12215	12654	12816	12840	13569	13858	13963	14838	15354	15390	15541	15679	15707	15761	15935	16660	16816	17111	17852	17981	18479	18890	19108	19747	19882	19886	19990	20042	20463	20655
1105	1	413	436	726	1151	1620	2075	2941	3066	3243	3397	3454	3459	3605	3777	3915	5032	5564	6077	6123	7795	7799	7971	8065	8110	8264	8420	8462	8737	8905	8913	9183	9364	9577	9807	9838	10342	10348	11077	11223	11322	11575	11715	12200	12362	12585	12759	13050	13529	13611	13646	14022	14100	14146	14183	14953	15023	15048	15258	15654	15727	15854	15915	16601	16619	16925	17462	18035	18132	18269	18856	18998	19234	19329	19708	19857	20057	20260
1106	1	411	2020	2087	8425	12461	13284	13622	14108	16272	19466	20449
1107	1	410	1836	3245	3335	4152	4157	6139	6792	9737	10218	11989	15177	16551	16935	17598	17890	18342	18695	19065	19077	19087	19166	20614
1108	1	10417	17729	19223
1109	1	14858	15879	17882
1110	1	7206	9987	11145	11299	13787
1111	1	5477	11320	18470
1112	1	2474	4299	4385	6246	6880	10422	10526	11782	12253	15893	20084
1113	1	7832	12400	20901
1114	1	916	6081	9591	14575	15215
1115	1	12608	16824	21021
1116	1	5388	7128	16767
1117	1	11312	12550	16941	18112
1118	1	5374	7063	12394	14120	16584
1119	1	5370	7036	19014
1120	1	5387	13273	14112
1121	1	919	987	1963	2130	2882	6082	9174	12054	12369	14784	16945	18748
1122	1	5375	8025	18956	20654
1123	1	6436	7694	10239	16199	17281	19533	20699
1124	1	6457	7231	11351	12367
1125	1	2985	12184	12711
1126	1	5668	6812	18612
1127	1	5666	6566	13298
1128	1	5660	7708	20989
1129	1	5638	14075	14730
1130	1	6541	6609	11032	14030	16253
1131	1	6539	8591	16066
1132	1	6547	9113	16235	18728
1133	1	3969	5858	6156
1134	1	3974	7520	7712	8012	9111	10414
1135	1	3970	4296	13735
1136	1	3977	9478	13536
1137	1	3981	5675	7498	9426	10162	15121	17861	19810
1138	1	3979	4940	9633	13450	16161
1139	1	9273	9977	12830
1140	1	1601	4307	6423	7856	16310	19342	19345
1141	1	1602	3328	3806	20197	20913
1142	1	1596	2986	3994	4921	5535	6881	7043	10647	12140	15253	18165	19676	20890
1143	1	1605	4910	5939	7528	9877	11017	16456
1144	1	4741	6250	6497	7621	8455	8908	9247	9280	10145	12462	12672	14435	15363	17229	20570
1145	1	4740	12323	20071	20549
1146	1	4734	7980	8066	8645	11748	14989	15278	19308	19639	21104
1147	1	6729	7083	7836
1148	1	6717	16995	18382	19647
1149	1	6728	16565	19970
1150	1	3104	3462	14873	15868	19968
1151	1	2280	3752	16292	16527
1152	1	1426	11239	15413	15950
1153	1	2279	11488	20359
1154	1	1423	4696	19741	20698
1155	1	1421	3169	3200	3863	9359	9796	10255	12073	14121	15545
1156	1	1422	5657	11569
1157	1	1417	1572	2105	2182	3619	3788	6685	8547	8951	12316	13000	13115	14697	15942	16487	16703	18337	18377	19217	19476	19652
1158	1	2285	5391	8597	13145	18059	19890
1159	1	1411	5615	9227	10115	14090	15035	20053
1160	1	1415	4535	10147
1161	1	4479	8824	11497	16111
1162	1	2281	2427	3529	3852	3968	4827	6120	9199	10602	11542	11886	14012	15214	16644	17421	17480	18193	18281	20154	20277	20834
1163	1	4457	6732	7062	7787	9535	13444	14300
1164	1	4456	8878	9116	10733	11155	15194	21109
1165	1	12	1612	3844	5228	5956	7896	9469	9589	10376	11015	14801	17823	19553	19584
1166	1	10615	12076	20046
1167	1	4486	8572	20095
1168	1	2287	3564	4564	5802	6746	6891	6959	8540	9683	11458	11622	12261	12401	12927	12934	13472	15474	16446	16690	18878	19117	19179	19389	19463
1169	1	1449	9767	11407	14285	16092	17814
1170	1	1457	4679	10106	18464
1171	1	1458	2094	2870	6187	7253	9968	10356	11235	13469	13488	14056	18261	19096	19320
1172	1	1459	6998	20256
1173	1	2294	2536	5729	19868
1174	1	1467	16752	17632
1175	1	1469	9050	11041	17255	20529
1176	1	1471	3630	17302
1177	1	952	1556	4030	6360	6473	6968	7484	7518	7550	7716	9014	9475	10225	11603	12758	13357	13850	13988	14510	14851	15703	15993	16160	17075
1178	1	2297	4053	5646	20587
1179	1	10905	17552	19251
1180	1	4265	12315	16479
1181	1	4271	6838	14657
1182	1	3755	5817	16908	20753
1183	1	1205	5070	13748
1184	1	8104	13860	14102	18811
1185	1	1194	2293	2780	3158	3893	4618	7055	8601	10405	10588	11726	11812	13297	14427	14796	15308	16261	16953	18751	18754	19873	20521	21080
1186	1	1195	8800	11165
1187	1	1191	2960	6228	16191
1188	1	1203	3629	9045	12602	20469	20677
1189	1	1204	3428	5902	16645
1190	1	1196	2511	3286	4425	4755	5282	6989	10504	14543	16739	16757	17257	17716	17895
1191	1	8473	14413	15251
1192	1	4260	5759	9853	13348	18189
1193	1	1876	1879	7436	10205
1194	1	1880	6133	7072	9663	10471	11076	17280	18060	19811
1195	1	1869	13632	17469
1196	1	1860	3735	5036	15635
1197	1	1861	5199	7733	11638	15556	20505	20526
1198	1	3105	14393	17044
1199	1	3435	17677	20979
1200	1	3440	6310	16307
1201	1	3427	3938	9595	10489	12637	13423	14032	14788	15332	15434	15948	16418	16902	17541	18334	18755	20033
1202	1	3432	6305	12972	16865
1203	1	1899	10332	14111
1204	1	1901	3384	17000
1205	1	1001	5015	13429
1206	1	1003	1043	1140	1236	1591	2015	3080	3767	4653	5416	5617	5820	6651	7672	8040	11477	12368	13243	13389	13808	14216	15914	16026	16778	17221	17635	19753	20418
1207	1	1006	5527	10355
1208	1	1918	2989	8496	8900	14412	16502	17110	17434
1209	1	1920	2644	3412	10878	12684	15205	16304	19679	20442	21073
1210	1	998	6543	17173	17199	17974	19684	19993
1211	1	1000	2848	4125	4803	7872	9342	12210	12541	13234	14046	16054	17471	18968	19819	20229
1212	1	8927	15259	20397	20414
1213	1	8961	15496	19119	20520
1214	1	8910	16388	20099
1215	1	4365	6684	12978	15040
1216	1	3023	4521	4616	8405	8955	15315	16017	17448
1217	1	2708	5835	8630	17050
1218	1	6147	15627	20675
1219	1	2681	7095	8422	15930	17159
1220	1	2682	5506	6090	7879	8625	8671	10693	14314	16993	17118	17356	17661	20652
1221	1	2686	14877	19303	19307
1222	1	2690	13406	13417
1223	1	2696	9771	19580
1224	1	2703	2748	8488	9694	11566	12003	12237	14967	17500	18004	18263	20044
1225	1	2457	3507	4748	8887	11386	14494	16652
1226	1	2452	7816	10542	14726	17422	19432
1227	1	2465	5937	8178	11016	16008	16948	18212
1228	1	2469	2669	5488	12620	17310
1229	1	2463	8239	9979
1230	1	2464	7124	10185	13614	13763	16589	17642	18197
1231	1	2470	19072	20522
1232	1	2472	7441	10128	11792	18595
1233	1	7	10015	12256	16846
1234	1	2314	14552	17336
1235	1	2312	14093	14889
1236	1	2308	6677	7437	18356	20306
1237	1	2302	4013	5605	6911	7100	7449	9748	9882	14132	19022	19279	19870
1238	1	3013	4068	18635	18653	20320
1239	1	3016	3081	3985	5751	9088	11277	14078	17162	18556	18722
1240	1	401	1399	4541	15832	15853
1241	1	13237	17542	18375
1242	1	394	2169	7967	8159	8386
1243	1	395	7495	14379	16079	17781
1244	1	399	1709	2374	2983	3229	4162	4392	4421	6251	6965	7204	7888	8398	9399	9594	10069	10479	10632	10690	11534	11953	11954	12176	12402	12479	12514	13601	13777	14857	15093	15954	16134	16537	17132	17513	17928	18914	19734	20179
1245	1	400	8735	9716
1246	1	7650	8562	19131	19467
1247	1	6486	6977	11898	15690	17300	17429	19781	20092
1248	1	8174	11761	13672
1249	1	8508	12408	12612
1250	1	6089	15493	19218	20942	21019
1251	1	8507	9404	12470
1252	1	13929	14159	15578	20041	20964
1253	1	10234	13483	17296
1254	1	8498	12062	12239	16686	19319
1255	1	11238	11286	12877
1256	1	11265	11758	15041	17230
1257	1	16273	19391	20690
1258	1	655	7756	15451
1259	1	8051	11733	14238
1260	1	5596	7156	7743	9655	12564	14357	14879	18116	18821	19219	20852
1261	1	5600	11021	12019	17112	18668
1262	1	656	6953	7444	11685	16354	19321
1263	1	16345	17515	20377
1264	1	11938	12326	20627
1265	1	4058	4916	5607	7429	10778	12395	12644	16531	18222	18881
1266	1	4059	7098	20211	20678
1267	1	2771	4221	6155	10438	13594	15127	18636	21040
1268	1	4046	4086	6994	13664	14301	18822	20140	20537
1269	1	1588	13979	16535
1270	1	1584	1828	11543	14026	15718
1271	1	4855	6129	10462
1272	1	4843	5451	7215	9331	10247	11170	11274	11556	11931	15804	17220
1273	1	1569	3998	13431
1274	1	1576	1754	1758	2176	3267	5901	10291	11481	13762	14974	17248
1275	1	1571	2246	2268	3228	4977	6371	7214	8758	10825	10987	12370	14097	15672	16179	16758	18225	18993	19206
1276	1	1578	1867	2245	2283	2585	2668	3140	4272	4438	4609	5420	5728	7875	8280	8988	9903	10086	10153	10511	11176	12207	12448	12566	13013	13623	15188	15608	15755	16558	17649	17766	17832	19650
1277	1	1582	4093	11678	12280	13459
1278	1	1581	9398	16389
1279	1	6753	10806	11601	13009
1280	1	6755	9581	12380	12437	15091	18239	21013
1281	1	10281	20014	20477
1282	1	10279	15517	16804
1283	1	10290	14006	16534	17625	17899
1284	1	4376	5424	7915
1285	1	4379	10298	13708	19797
1286	1	4375	4633	8316	10538	14849	14927	19292
1287	1	2767	19286	19318
1288	1	4383	12414	15279
1289	1	4395	10565	11091	16661	19341
1290	1	4397	5206	8877	16055
1291	1	16133	16320	16811	20146
1292	1	4462	9308	12125	12795	15753	18275	19315	19445
1293	1	7623	8502	13751	15379
1294	1	8359	10770	15548
1295	1	9237	12876	17582
1296	1	10967	15725	16122
1297	1	10957	18962	19410
1298	1	11014	17775	19247	20436
1299	1	2324	2494	3309	3516	3714	5489	7252	7804	8790	9779	10344	10378	10626	11070	11974	12025	12681	13082	14342	15210	15504	16142	21017
1300	1	4991	6791	9056	10927	11329	12040	14708	16004	19836
1301	1	2322	2746	3147	4095	4185	9504	9829	11472	13728	17003	19541	19840	20460
1302	1	7853	10641	13985
1303	1	3786	3845	5078	8414	13606	15165
1304	1	2320	2385	3264	8456	10720	11399	16024
1305	1	1118	6226	12102	17960	19030
1306	1	1117	10051	20554
1307	1	1114	7541	15583	19844
1308	1	1107	5884	8582
1309	1	1106	4404	9536	17283
1310	1	1105	4133	5411	6520	6689	7899	9142	9254	12458	18026
1311	1	1101	2822	5944
1312	1	980	1281	1692	7999	17779	18016
1313	1	979	20419	20853
1314	1	4997	14000	14059
1315	1	1859	4130	18711
1316	1	4998	16036	18437
1317	1	1837	12052	12222
1318	1	1835	5186	5941	9282	19624
1319	1	1843	5456	17388
1320	1	1841	7555	10590	10673	18613	20787
1321	1	1845	4391	8920	9453	15135	19325	20551
1322	1	3423	6088	7126	7575	9972	10895	10988	14917	16668	20282	20593
1323	1	3418	15991	16173	20516
1324	1	3415	13076	14573
1325	1	3411	4663	15746
1326	1	3405	6396	12780
1327	1	843	8770	15304	20653
1328	1	854	4052	15264	18656
1329	1	851	1250	3387	10123	20558
1330	1	858	5612	7468
1331	1	856	14499	15978	20987
1332	1	859	12336	14387
1333	1	1898	4158	8382	8832	10943	14316	18970	19136	20407
1334	1	8997	13618	17724
1335	1	7489	14327	15705	17756
1336	1	7466	11760	18416
1337	1	2677	3424	6874	13075
1338	1	2659	4201	15272	16737
1339	1	2657	5295	8221	14843	15633	15875	20393
1340	1	2667	9755	9905	12828	18611	18975
1341	1	3054	4237	4583	5124	8759	8898	9590	10320	13414	15046	15443	17196	17703	18124	18154	18776	19657	20362	20970
1342	1	621	12544	18420
1343	1	620	1026	1051	3042	3671	3973	6279	8458	10918	13365	13597	13991	14525	15148	16857	17386
1344	1	615	1682	2702	5653	6773	6919	7222	10064	11028	12128	12145	12438	13033	13680	14572	16386	18475	18741	18924	19046	20739	21052
1345	1	612	4026	4775	6744	7295	11252	13884	17004	17271
1346	1	610	3015	3468	3522	3595	5848	8346	9312	12246	13026	13485	13487	14254	16592	17237	17946	18370	19207
1347	1	618	3277	3949	6639	9926	10457	12226	19257	20894
1348	1	617	12183	20136
1349	1	616	1061	1257	4624	4792	6606	7326	8614	8679	8974	9915	11301	12677	14859	15242	16423	16960	18802	19938	20036
1350	1	2982	7090	8788	8799	9506	11941	19893	20239
1351	1	3049	10949	19884
1352	1	41	3163	8949
1353	1	36	211	5272	15538	16702
1354	1	35	190	1158	2375	2904	4387	4788	4919	5043	5980	6065	6511	6920	8052	8347	8427	9115	10421	12722	15312	15483	15864	16010	16362	16497	19028	19115	20341
1355	1	34	213	671	1307	1419	1625	1678	2582	3184	3548	3614	4118	4184	4468	4682	4728	5107	5150	5241	5314	5372	5442	5478	5492	5628	5816	6025	6283	6740	6790	7299	7316	7320	7554	7949	8128	8208	8424	8889	9072	9297	9533	10338	10517	10527	10550	10759	11000	11132	11369	11629	11750	11955	12203	13257	13596	13994	14035	14389	14628	14891	15130	15150	15189	15329	15547	15684	16139	16549	16571	16658	16663	17154	17218	17268	17444	18299	18619	18718	18747	18830	19941	20101	20307	20476	20734	20837	21005	21011
1356	1	33	306	683	1189	1447	3064	3463	3633	5900	6266	8384	9966	11380	12686	13780	14407	17496	17589	17939	19475	20429	20947
1357	1	40	264	3813	6219	7885	11419	12574	13220	20798
1358	1	38	4340	6328	7391	9148	9792	9835	12559	12748	16837	17884
1359	1	37	1308	6230	13432	14080
1360	1	938	2411	3708	5243	5671	5908	7930	8573	9444	9993	10789	10832	13221	16028	17601
1361	1	944	3818	6006	9250	9468	9749	12131	14576	14786	15934	16103	16864	17069
1362	1	940	1138	1799	2037	3065	6926	8095	8659	10507	14177	16034	17360	17432
1363	1	948	1872	6914	11671	19335
1364	1	945	15992	20192
1365	1	962	1271	14660	19542
1366	1	2295	10871	15921
1367	1	3038	11123	13666	16171
1368	1	3034	8112	12900	14087	17674
1369	1	1855	14523	11002	18503	12356	14211	2803	2067	12000	16900	7744	1637	10812	5380	3291	2860
1370	1	449	587	613	890	1438	1538	1887	2014	2186	2704	2743	2761	2775	2828	3369	3477	3836	4451	6236	6552	6741	7103	7137	7540	7556	7677	7701	7958	8379	8480	8768	9234	9283	9668	10324	10607	10998	11148	11211	11453	12069	12393	12416	12951	13121	13434	13881	15118	15485	16512	16684	16839	16892	16911	17045	17065	17107	17160	17264	17370	17536	17626	17825	18092	18399	18759	18880	18945	19406	19618	20334	20541	20561	20745
1371	1	446	5558	6072
1372	1	448	1811	2144	3313	4979	6303	7542	9292	13282	15508	15901	17520	21089
1373	1	447	4092	6413
1374	1	441	1881	2476	3579	4407	5368	8965	9108	9346	10779	13299	13960	14019	20337
1375	1	439	4950	18075
1376	1	443	8726	11820	12047	14398
1377	1	442	582	1522	1653	1728	2523	3556	4182	4800	5140	5495	5549	7419	7599	8484	8567	9322	9586	10558	11063	11738	12059	13091	13323	14920	15435	15638	17493	18098	18295	18716	18867	20817
1378	1	12817	16348	17531	21093
1379	1	15045	15662	18106
1380	1	10	117	140	500	577	624	1238	4810	5065	6018	6363	9757	9872	13136	13208	13738	13758	13936	19186
1381	1	11389	13011	13294
1382	1	11378	15848	18215
1383	1	11366	11547	14486	18093	21098
1384	1	5578	11122	16818	18007	19546	20580
1385	1	5573	7028	13022	19603
1386	1	5557	8894	12290	14466
1387	1	5591	13954	18812
1388	1	4044	4948	6096	6412	14756	19401	19481	20746
1389	1	4041	8640	8864	8870	9161	10803	14203	14862	19640
1390	1	4039	4625	4953	6557	9499	9555	17850
1391	1	4811	7210	7483	7656	9261	15265	18293	19802
1392	1	4819	10360	16754	19205
1393	1	4818	5847	8581	14674	18000
1394	1	1566	17580	18472
1395	1	1562	7582	19964
1396	1	1560	10296	11418	14890
1397	1	1561	1744	2168	2353	3486	3637	3651	3809	3941	4794	5516	6125	6766	7077	7179	7567	8085	8811	8890	9119	10936	11728	11847	12994	13313	13504	13584	15092	15571	15697	15714	16072	16264	16344	16678	17510	20143	20331	20778
1398	1	1555	6870	19436
1399	1	1557	2000	12063	14348	16746	18355	20016
1400	1	1554	4714	9492	9623	11261	13310	16087
1401	1	6806	7864	17512
1402	1	159	321	17239
1403	1	165	422	1221	2801	4502	6608	7610	8162	8732	9419	10301	10437	12248	12425	17299	18341	18519
1404	1	164	8471	13437
1405	1	161	1568	5328	7254	8705	9719	12869	18675	20372
1406	1	167	1170	6194	12342	14570	16147
1407	1	166	720	1134	1218	1291	1492	1716	1863	2335	2387	3181	3611	3628	3989	4338	4518	4697	5165	5496	5792	6418	6716	7075	7120	7167	7450	7485	7938	8007	8053	8563	8874	9100	9162	9329	9333	9826	9909	10451	11334	11371	12032	12089	12191	12482	12513	12731	12996	13361	13493	14463	14824	15163	15228	15236	15276	15364	15793	15970	16057	16093	16180	16377	16520	16655	17176	17298	17393	17665	17712	17752	17982	17993	18230	18508	18647	18664	19281	19701	20132	20273
1408	1	10782	13692	16482
1409	1	4414	15621	19010
1410	1	4424	5586	9831	12262	16636
1411	1	4401	14354	19898
1412	1	4408	8027	19930
1413	1	8403	9612	10835	19531
1414	1	7814	8275	8676	12485	15529
1415	1	7812	9672	11290	19153
1416	1	1092	2685	13695	18015	19841
1417	1	1097	3004	3306	7384	11394	16207	17400	17839	18466
1418	1	1079	7850	8626	10502	17647
1419	1	1082	2826	5315
1420	1	1083	3118	9697	10856	11026
1421	1	1069	8133	8886
1422	1	1071	1080	1367	2275	6849	9422	12605	17106	17922	18665	18701
1423	1	1073	1263	2036	2736	3707	4079	4949	5714	6288	6460	7902	7939	9714	9806	10067	11368	13868	14309	14416	15999	17067	18796	19228	20365	20497	20884
1424	1	103	143	677	975	1229	1329	2362	2481	2654	3084	3650	4469	4876	4960	4972	5371	5421	6641	7219	7454	7562	7613	7734	8017	9086	9344	9539	9911	11226	11284	11769	11960	12743	12761	13392	14122	14565	14625	15076	15168	15195	15414	15764	16075	16168	16376	16393	16548	16769	17084	17548	17898	18886	18974	19798	20619	20634	20709	20732	20948	21083
1425	1	104	10523	10619	14181	16836	19080
1426	1	96	896	4040	4075	9654	11653	11922	14133	20620
1427	1	94	1472	1619	5376	7722	9228	9808	10090	10254	10273	11719	12189	12465	17534	17935	19572	20385
1428	1	99	7739	8746	15175
1429	1	102	7266	14483	19517
1430	1	97	3021	12235	12893
1431	1	98	5438	10319
1432	1	3395	3928	15836
1433	1	3396	3426	4752	17212	18037	20934	20993
1434	1	3376	8694	8942	13905	19842	19952
1435	1	3391	12302	16059	16127
1436	1	3382	4887	10734	19211
1437	1	2626	9786	10718	11600	14371
1438	1	834	4267	11934	20703
1439	1	835	4360	20756	20966
1440	1	832	1907	3037	3549	7352	10834	18781	19245
1441	1	833	3460	7213	7828	12768	13386	14574	15052	15487	18587
1442	1	829	5007	5826	6433	7427	10274	10970	11338	11914	13042	14706	15313	16788	17660	19958	20344	20830	20949
1443	1	831	3138	5405	5920	11009	15615	16525	17575	18717
1444	1	825	4444	4850	7106	8548	10101	10223	11257	11900	12718	15336	15476	16186	18985	19892
1445	1	828	2277	3672	4766	5008	7376	7430	7676	7904	8943	9889	9922	10474	11948	12023	13052	13631	14229	15114	15597	17596	18448	18765	18874	21094
1446	1	836	12650	12733
1447	1	9034	10820	11962	14013	16906
1448	1	9029	10969	15629	19786
1449	1	3326	5966	7271	7503	8505	8658	8816	11910	13513	15990	16330	19295	19399	20517
1450	1	7568	7810	9458
1451	1	4321	4673	15739
1452	1	7526	10447	10912	14652	17289	20268	20489
1453	1	2759	3988	12478	14663	17997
1454	1	2762	3355	5525	13105	16917	18996
1455	1	2753	5471	11006	14011	17472
1456	1	2757	3153	8686	12415	13163	16595	17261	19630	20473	20717
1457	1	2745	3929	20351
1458	1	2742	5702	6688	7626	12250	13279	15396	16471	17328
1459	1	2744	12705	16469	17537
1460	1	10174	14473	18773
1461	1	2764	5255	5730	8235
1462	1	2607	2714	4753	5924	17052	19749
1463	1	2531	3457	13070	16966	17055	17753
1464	1	3045	4055	4668	5534	8342	19146	19409
1465	1	637	7671	10601	11701
1466	1	623	3133	6588	10168	14554
1467	1	625	3383	8655	14479
1468	1	627	3094	3683
1469	1	2514	5680	6768	8804	12422	18585
1470	1	2515	2815	3897	5993	7152	8091	12665	13731	13933	18338
1471	1	2516	4005	14381	19869	20742	20965
1472	1	631	8916	18771	19867
1473	1	635	649	1019	1413	2249	2842	4278	4546	4762	4786	6374	6540	8032	8536	9253	9885	10007	12890	13367	13779	14276	14800	14863	15078	15559	15945	16615	16640	17093	17605	17834	18135	18426	18810	19222	19900	19987
1474	1	974	6577	9278	10858	11584	15375
1475	1	967	8115	8584	10250	10490	16579	19677	20923
1476	1	968	10130	15558	19854
1477	1	966	1052	1559	4496	4699	5397	5739	6229	8539	11056	11907	14434	15955	16533	16851	17128	17684	17776	18597	18979	20387	20443	20648	20922
1478	1	977	1603	2023	2859	7211	7767	8373	8566	12573	15481	16153	17039	18256	18510	19252	19448
1479	1	12789	15513	16994	20539
1480	1	4828	8871	9339
1481	1	4838	9718	10243	16899	17822
1482	1	7448	8217	8278	8593	10470	11684	14984	15319	21020
1483	1	424	1810	6663
1484	1	425	1293	1650	1886	2177	4903	5351	9090	9619	10903	11416	11973	11979	12249	12812	13891	14116	14142	14296	14500	16480	17624	19763	20313	20527	20839
1485	1	417	1681	3528	3774	4739	9624	12236	12709	20912	20917
1486	1	432	8283	12510	15512
1487	1	433	518	2836	2840	7558	13451	15274	15296	20891
1488	1	428	3765	10586	18433
1489	1	438	5561	16622	19515
1490	1	10016	15101	18027	20847
1491	1	7465	10293	11357	17031	18218	20153
1492	1	5530	7330	9102	9303	9369	10394	10924	13585	14999	17792	20201
1493	1	5536	5563	11203	11403	16399	20025
1494	1	5543	11687	13178	19737
1495	1	5548	7838	10018	12992	16764	18957
1496	1	2508	8348	10019
1497	1	4363	8166	14325
1498	1	11828	15134	19865
1499	1	11837	13999	17362	20369
1500	1	8613	13259	20072
1501	1	16493	18398	19264	19936
1502	1	6134	8035	13888	14055
1503	1	6113	11609	12886	16266
1504	1	5227	6538	11593
1505	1	5211	12475	16806	19173
1506	1	5221	12986	16761	17588
1507	1	5223	7895	8868	18242	20114
1508	1	5197	10907	17152	20909
1509	1	5198	10307	15982	19809
1510	1	5207	6999	18513	18908	18934	20121	20672	21107
1511	1	1661	15146	16374
1512	1	1658	5066	10496	13919	16992
1513	1	1676	4869	5782	6621	11270	15951
1514	1	1670	4754	6361	6721	8449	8611	9018	9160	9534	10509	11120	11214	11388	11618	12177	12406	13366	13498	13910	14329	14452	17980	19177	19959
1515	1	145	1066	2717	2892	3373	3662	4050	4369	5358	5427	6059	6956	7119	7346	7638	8636	9004	9219	9864	9901	10058	10204	11185	11187	11592	11902	12051	12211	12974	14195	14561	14620	14659	15173	15183	15373	15653	16152	16163	16236	17865	17968	18048	18683	18828	19498	19616	19739	20492	20629	20930
1516	1	146	539	3132	17443	20841
1517	1	147	2221	9196
1518	1	148	11367	12306	13544	16175	20410
1519	1	149	2554	6167	9784	14222	16109
1520	1	151	7447	9562	16772
1521	1	152	955	6619	8953	12517	12714	12791	15498	17308	18459	19896	20523
1522	1	153	5892	13468
1523	1	154	889	2596	2684	9476	13852	15622	16117
1524	1	10238	11095	11790	12257	13339	18669
1525	1	4556	12151	14888
1526	1	4562	12074	12148
1527	1	4563	11770	15670
1528	1	4571	7763	15115
1529	1	9544	12906	15975
1530	1	10035	10547	16532
1531	1	6835	12088	14836	14948
1532	1	6825	8792	17035	17566
1533	1	6824	14687	19826
1534	1	3642	11254	13567
1535	1	6840	8121	11864	15156
1536	1	3644	12720	12907	13519	16949
1537	1	3350	6564	9126	13612	16617	20241
1538	1	3347	3502	7513	10939	14277	15847	18455
1539	1	3368	4109	4559	6313	6966
1540	1	3366	6367	7539	9980	14245
1541	1	3337	5804	9908	17329
1542	1	3371	3903	3960	6534	6957	8438	9557	12916	13797	13942	14892	16287	19347	20048
1543	1	3370	5280	7470	12999	14468
1544	1	3624	4312	8858	17678	18667
1545	1	12279	13256	13800	16568	18324	19434
1546	1	824	2026	6933	8660	10959	11111	12947	13183	13271	13275	13947	14765	15565	16978	18451
1547	1	822	1638	1954	2145	3523	3843	3931	4791	5431	5762	6258	6285	6622	7112	7115	7336	7570	7664	7748	7992	8212	9074	9265	10684	11297	11515	11533	11699	13425	13720	14094	15812	16885	16982	17971	18013	18497	19360	19435	20599
1548	1	812	13547	15692	17100
1549	1	821	1186	11224	13941	16716	16785	18490	19703
1550	1	818	3333	4596	19895
1551	1	817	964	2381	2480	3583	6336	13484	19815	20768
1552	1	7399	9561	12199	17479
1553	1	7397	8866	11819	19246
1554	1	7412	9048	10467	11605	12809	15533	16970	17715
1555	1	2189	2756	6455	9046	9768	14174	14480	15094	15209	17457	18172	18345	19456	21112
1556	1	2715	8421	11843	19437
1557	1	2721	10009	10581	12267	12420	13123	14074	14715
1558	1	2728	5473	7250
1559	1	2725	7369	14733
1560	1	2739	8125	10798
1561	1	2738	6491	8786
1562	1	1147	3325	3715	5339	5926	6034	6466	7012	9371	12006	12511	13494	15082	15149	18714	20423
1563	1	1144	2958	16850
1564	1	1149	2363	3559	5965	8794	10119	10605	11181	11480	16319	16774	19656
1565	1	1148	2832	8693	12060	13296	20123
1566	1	1153	1956	3320	13766	18270	18780
1567	1	1150	2234	5665	8272	12827	13571	13870	17619	18105	18403	18987
1568	1	1155	3290	3878	8557	12266
1569	1	1154	4939	7534
1570	1	2548	3772	6220	14406
1571	1	653	2642	5684	9685	10687	11817	12467
1572	1	651	1269	1477	15527
1573	1	2532	16897	17430
1574	1	639	3152	6924	19875
1575	1	642	1573	4473	14563	19265
1576	1	641	4394	10190	19187
1577	1	19382	20263	20773
1578	1	2348	6528	8262	13557	15132
1579	1	4917	6425	13574	16405	18963
1580	1	2968	13038	16973	19300
1581	1	2975	3188	3659	4015	4769	5973	6128	7929	8556	8970	9310	9830	12377	13558	14255	14360	15381	19468
1582	1	2957	2973	4028	4695	4952	5575	6615	6918	7500	7815	9485	11096	12011	13635	13809	16341	16876	17262	20504
1583	1	3606	7844	10536	13399	19727
1584	1	2350	4974	5271	6665	10746	17803
1585	1	10164	10913	10975	19847
1586	1	13608	14656	16642
1587	1	483	743	3731	15230
1588	1	480	1099	10248
1589	1	479	5317	5323	5333	5803	6270	7710	8776	8883	10100	10129	12534	15477	16394	16741	17024	17114	17979	19052	19922	20266	20495
1590	1	476	8307	16217	20697
1591	1	472	4483	7293
1592	1	468	2556	2617	8077	8190	8697	12489
1593	1	13428	13562	20810
1594	1	486	1654	3340
1595	1	484	4303	5175	11411	11839	12656	14829	21114
1596	1	5481	12193	14420	15267	16247
1597	1	5508	10053	19025
1598	1	5507	6839	14522	17054
1599	1	2788	19516	20507
1600	1	5512	7321	7606	12931	15063
1601	1	2783	10194	12481	15320	16967	20807
1602	1	375	2883	9031	10714	12144
1603	1	367	457	8303	10349	21049
1604	1	368	4287	8429
1605	1	371	986	2593	3151	5517	12107	12690	13656	16372	16924	17266
1606	1	370	3007	7504	11932	14184
1607	1	373	606	1064	1104	1719	2135	2459	2647	2932	3891	3909	4484	4984	5382	5501	5589	5995	6634	7046	7074	7457	8532	9676	9763	10183	10459	11209	11293	11505	12615	12875	12935	13048	13241	15774	16445	16539	16996	17269	17341	17856	18262	18265	18933	20866	20950
1608	1	372	1095	1384	2412	2499	3747	3963	4003	4524	4574	5234	5299	5347	5392	5927	5977	7002	8692	9511	10163	10271	10985	11060	11933	12597	12794	13312	13408	13957	14622	14770	14804	15053	15180	15645	15801	15882	16102	16305	16542	16687	16957	16998	17197	17867	18119	19801	21027
1609	1	2768	5046	10961	17238
1610	1	1958	2288	2990	3091	4517	10549	15246	18090	19872	20762
1611	1	18223	18350	19174
1612	1	344	3887	5875	6144	7015	7108	7190	7248	7488	8387	11200	11313	13745	13802	16400	16903	17105	17129	18283	19067	19989	19991	20602	20679
1613	1	336	3451	8691	9692	9921	10766	11457	12065	14702	14761	17224
1614	1	347	850	3505	3839	17459
1615	1	345	2242	3300	3837	4893	5755	8796	9524	10863	15890
1616	1	353	565	1098	4467	6897	7942	8301	8475	8958	9153	9391	10480	10830	13014	15423	20366
1617	1	3107	5562	5828	6281	7267	7713	9094	12858	13387	14518	16265	17940	20725
1618	1	6188	9358	17794
1619	1	6185	8588	10429	20054
1620	1	3108	3514	5727	9118	10906	14083	14594	15243	16411	16724	19465	20075
1621	1	4319	5120	6319	7010	7155	7339	8291	14260	16083	18144	20927
1622	1	6164	6175	8023	8193
1623	1	6152	11141	15636	17372
1624	1	6171	9104	19242
1625	1	5040	5433	7514	12272	18227
1626	1	3116	8249	11250	17606	18195	18279
1627	1	5042	13336	15421	21031
1628	1	3123	3173	3512	14825	18576	20782
1629	1	5242	5851	6197	12587	15229
1630	1	6094	8463	12091	15582
1631	1	1649	5503	20166
1632	1	1651	3070	5590	6647	20707
1633	1	6074	7080	7130	7163	9483	9861	14317	20575
1634	1	6073	9542	13114	18893	19278	20281
1635	1	6063	10875	11263	13291	16156	16862
1636	1	6058	15926	18676	20850
1637	1	1643	4899	7164	14817
1638	1	1640	1722	2700	3588	3632	5624	10727	13303	13413	18710
1639	1	1644	2779	3867	5403	5459	6372	8107	9701	9747	10146	10385	10826	12053	12580	15001	16667	17317	18509	20512
1640	1	1646	7084	9327	11498
1641	1	138	3154	5832	10285	14591
1642	1	135	517	1103	1160	1723	1916	2655	3338	4311	4641	5213	5633	5732	6108	7898	7903	9137	9232	9863	10180	10786	11665	11830	12577	12798	12953	13327	14832	14904	16196	16866	17618	19274	20519	21051
1643	1	139	1352	2800	11519
1644	1	132	3503	3756	5081	5673	8273	9180	13521	16206	18044	20209
1645	1	131	3527	13179
1646	1	134	893	4607	4830	5567	9256	9427	12087	12754	13616	15841	16854
1647	1	133	260	1801	4168	4234	5712	6735	7262	9030	9082	9456	9790	9862	11115	11937	12106	14449	16828	17726	18143	20428
1648	1	144	155	648	687	799	1012	1152	1454	1516	1769	2066	2078	2216	2959	3252	3536	3799	3800	4205	4430	5217	5279	5866	6395	6499	6718	7011	7389	7475	7557	7583	7703	8550	8959	8981	9036	9043	9368	9643	9715	9765	10142	10491	10512	10557	11142	11531	11546	11943	12867	13267	13573	13998	14038	14475	14723	15137	15223	15345	15475	15889	15931	16204	16576	16673	16683	16726	16809	16921	16954	17273	17475	17557	17972	18041	18517	18884	19311	19713	19824	19859	19902	20058	20383	20809	20971	20997
1649	1	142	3916	5810	12138	20363
1650	1	7312	9467	17009
1651	1	4595	4878	20161
1652	1	4591	5599	9630
1653	1	4617	6813	8553
1654	1	10672	10899	16064
1655	1	10681	17109	21070
1656	1	10709	18303	19224	20722
1657	1	10721	15141	17590	21043	21065
1658	1	6850	10377	14609	19086
1659	1	6847	8252	17166
1660	1	6864	8242	8336	16944	17583	17670	18984	19860
1661	1	6872	8682	17592	17637	18118
1662	1	7927	9735	20604
1663	1	7921	9494	9548	10423	12270	12799	19192
1664	1	7922	11057	12498	13887
1665	1	3311	15941	18404
1666	1	3316	17179	17567
1667	1	679	1264	1347	2825	2996	4161	4236	4352	6267	6976	7919	8230	10475	11359	13152	13198	13326	14649	15110	16275	20729	20877
1668	1	3332	5642	8631	9019	11950	15286	15947	20354
1669	1	3334	4354	20482
1670	1	3336	4823	6975	14423	19019
1671	1	4343	4945	10815	11939
1672	1	7837	16560	19910
1673	1	809	815	1137	3971	7510	9606	11439	15681	15839	18762	19907	20165
1674	1	810	9932	12419	19559	19950
1675	1	796	2282	5831	8269	15231	19150	20376
1676	1	798	2419	6057	7408	9618	10636	11911	12771	13904	14456	19820
1677	1	804	5741	8003	9349	9553	15280	19204	19407	19846	20062
1678	1	805	947	1666	3096	6377	9669	10014	10213	11244	12409	12543	13474	13986	14256	14650	14930	16470	16939	16942	17140	20332
1679	1	9172	13376	14860
1680	1	2126	11813	15431	17924	20275
1681	1	2127	3367	4010	7349	8628	10941	11106	11205	13229
1682	1	2119	3798	4649	6297
1683	1	2125	2650	2910	3908	5524	6750	11476	12056	13693	14042	15352	16958	17290	19464	19478
1684	1	2110	4406	7754
1685	1	2118	5670	7309	13522
1686	1	2108	5204	5408	8147	11409	13100	13591	14081	18775
1687	1	1132	3508	3964	7277	9943	14462	14997
1688	1	1129	1514	3771	4102	4247	4268	4314	4335	4975	5389	6028	6749	7199	8008	8950	12405	12628	13343	14123	14743	15509	15784	15956	20681	20796
1689	1	1131	1304	3035	6493	6927	6932	10042	11507	12926	13771	13930	15602	16981
1690	1	1126	5801	20065	20191
1691	1	1127	3040	7820	11673	11881	14162	14993	19102
1692	1	1124	5601	15007	15754	20018	20484
1693	1	1125	16707	19438
1694	1	3625	7609	8802	9402	12321
1695	1	3636	10280	13455	18146	18533
1696	1	3618	4877	5699	10420	13035	18196
1697	1	3622	3826	3975	7981	10848	12834	14417	18693
1698	1	1136	2513	3880	7858	12397	17391	20868
1699	1	2061	3744	8653	13712
1700	1	2058	14611	16483	16988
1701	1	2060	9307	10773
1702	1	9773	10887	12770
1703	1	2074	4442	5378	5870	8921	14776	15676	18317
1704	1	2567	17175	20984
1705	1	7877	12004	12464	13024
1706	1	9745	13788	19644
1707	1	52	838	2462	2852	10676	17007	20968
1708	1	53	1354	3599	6814	8130	14089	18756
1709	1	51	911	1484	2041	3256	8677	11679	14949	18761	19511	20323
1710	1	49	402	8404	9788	10498	19665
1711	1	46	3294	4230	5359	6482	7625	9434	9873	10814	10934	14274	14661	15044	15790	16086	16128	18267
1712	1	44	8189	13471	14833
1713	1	45	556	1570	5585	5864	7834	8080	9012	9602	9603	14504	15058	16343
1714	1	3128	3164	5957	7409	13061	13131	17023	20122	20356
1715	1	2389	4557	11821	12035	12664	13541	13961	14668	15834	16701	17029
1716	1	2383	6574	6695
1717	1	2386	2777	6438	11998	12451	14244	16444	17450	17523	20631
1718	1	2401	7645	7780	9652	17869
1719	1	2402	2854	3589	5076	6016	6405	7087	9601	11873	11891	13262	14818	15306	19752	19770
1720	1	2392	5037	5452	5894	15900
1721	1	2396	2442	4576	4718	5367	7790	8476	8503	10688	11574	11712	12697	13232	16679	17470	17519	19814
1722	1	3540	8580	10167	15247	16326
1723	1	659	1130	3209	14732	14886	15820
1724	1	660	1760	13194	14070	17918
1725	1	3532	5067	9343
1726	1	5877	6652	17145	19915
1727	1	3531	7117	10453
1728	1	3552	13903	19145
1729	1	16013	16215	19363
1730	1	658	5484	16424	20003
1731	1	2561	8010	16501	17022	18646
1732	1	2555	4915	9746	10818	11454	11583	12924	19726	20910
1733	1	2557	4615	5614	5934	8352	9096	9186	14299	14731	14922	16137	16991	17047	19197	20805
1734	1	2553	4325	4636	4736	9632	18217
1735	1	7887	11909	17189
1736	1	2574	2766	5401	9151	10172	13255	13803	14640	17053	17077	17843	17870	19595
1737	1	2575	3592	5402	9991	12988	16257
